1056 196813
1088 196642
1120 196642
1152 196642
1184 196642
1216 196652
1248 196655
1280 196642
1312 196642
1344 196642
1376 196642
1408 196642
1440 196657
1472 196655
1504 196642
1536 196642
1568 196642
1600 196642
1632 196642
1664 196657
1696 196655
1728 196642
1760 196642
1792 196642
1824 196642
1856 196657
1888 196655
1920 196642
1952 196642
1984 196642
2016 196642
2048 196642
2080 196652
2112 196655
2144 196642
2176 196642
2208 196642
2240 196642
2272 196657
2304 196655
2336 196642
2368 196642
2400 196642
2432 196642
2464 196657
2496 196655
2528 196642
2560 196642
2592 196642
2624 196642
2656 196642
2688 196670
2720 196642
2752 196642
2784 196662
2816 196642
2848 196642
2880 196670
2912 196642
2944 196642
2976 196642
3008 196642
3040 196642
3072 196670
3104 196642
3136 196642
3168 196642
3200 196642
3232 196652
3264 196655
3296 196642
3328 196642
3360 196642
3392 196642
3424 196652
3456 196655
3488 196642
3520 196642
3552 196642
3584 196642
3616 196652
3648 196655
3680 196642
3712 196642
3744 196642
3776 196642
3808 196670
3840 196642
3872 196642
3904 196642
3936 196642
3968 196657
4000 196655
4032 196642
4064 196642
4096 196642
4128 196642
4160 196652
4192 196655
4224 196642
4256 196642
4288 196642
4320 196657
4352 196655
4384 196642
4416 196642
4448 196642
4480 196642
4512 196670
4544 196642
4576 196642
4608 196642
4640 196642
4672 196652
4704 196655
4736 196642
4768 196642
4800 196642
4832 196657
4864 196655
4896 196642
4928 196642
4960 196642
4992 196642
5024 196670
5056 196642
5088 196642
5120 196642
5152 196642
5184 196657
5216 196655
5248 196642
5280 196642
5312 196642
5344 196657
5376 196655
5408 196642
5440 196642
5472 196642
5504 196652
5536 196655
5568 196642
5600 196642
5632 196642
5664 196652
5696 196655
5728 196642
5760 196642
5792 196642
5824 196652
5856 196655
5888 196642
5920 196642
5952 196642
5984 196652
6016 196655
6048 196642
6080 196642
6112 196642
6144 196652
6176 196655
6208 196642
6240 196642
6272 196642
6304 196670
6336 196642
6368 196642
6400 196642
6432 196642
6464 196670
6496 196642
6528 196642
6560 196642
6592 196652
6624 196655
6656 196642
6688 196642
6720 196642
6752 196657
6784 196655
6816 196642
6848 196642
6880 196642
6912 196670
6944 196642
6976 196642
7008 196642
7040 196657
7072 196655
7104 196642
7136 196642
7168 196642
7200 196657
7232 196655
7264 196642
7296 196642
7328 196642
7360 196670
7392 196642
7424 196642
7456 196676
7488 196652
7520 196655
7552 196642
7584 196642
7616 196642
7648 196670
7680 196642
7712 196642
7744 196642
7776 196670
7808 196655
7840 196642
7872 196642
7904 196657
7936 196655
7968 196852
8000 196642
8032 196642
8064 196670
8096 196676
8128 196642
8160 196642
