32 16025
36 15388
40 15388
44 15388
48 15388
52 15388
56 15388
60 15388
64 15388
68 15388
72 15388
76 15388
80 15388
84 15388
88 15388
92 15388
96 15388
100 15388
104 15388
108 15388
112 15388
116 15388
120 15388
124 15388
128 15388
132 15388
136 15388
140 15388
144 15388
148 15388
152 15388
156 15388
160 15388
164 15388
168 15388
172 15388
176 15388
180 15388
184 15388
188 15388
192 15388
196 15388
200 15388
204 15388
208 15388
212 15388
216 15388
220 15388
224 15388
228 15388
232 15388
236 15388
240 15388
244 15388
248 15388
252 15388
256 15388
260 15388
264 15388
268 15388
272 15388
276 15388
280 15388
284 15388
288 15388
292 15388
296 15388
300 15388
304 15388
308 15388
312 15388
316 15388
320 15388
324 15388
328 15388
332 15388
336 15388
340 15388
344 15388
348 15388
352 15388
356 15388
360 15388
364 15388
368 15388
372 15388
376 15388
380 15388
384 15388
388 15388
392 15388
396 15388
400 15388
404 15388
408 15388
412 15388
416 15388
420 15388
424 15388
428 15388
432 15388
436 15388
440 15388
444 15388
448 15388
452 15388
456 15388
460 15388
464 15388
468 15388
472 15388
476 15388
480 15388
484 15388
488 15388
492 15388
496 15388
500 15388
504 15388
508 15388
512 15388
516 15388
520 15388
524 15388
528 15388
532 15388
536 15388
540 15388
544 15388
548 15388
552 15388
556 15388
560 15388
564 15388
568 15388
572 15388
576 15388
580 15388
584 15388
588 15388
592 15388
596 15388
600 15388
604 15388
608 15388
612 15388
616 15388
620 15388
624 15388
628 15388
632 15388
636 15388
640 15388
644 15388
648 15388
652 15388
656 15388
660 15388
664 15388
668 15388
672 15388
676 15388
680 15388
684 15388
688 15388
692 15388
696 15388
700 15388
704 15388
708 15388
712 15388
716 15388
720 15388
724 15388
728 15388
732 15388
736 15388
740 15388
744 15388
748 15388
752 15388
756 15388
760 15388
764 15388
768 15388
772 15388
776 15388
780 15388
784 15388
788 15388
792 15388
796 15388
800 15388
804 15388
808 15388
812 15388
816 15388
820 15388
824 15388
828 15388
832 15388
836 15388
840 15388
844 15388
848 15388
852 15388
856 15388
860 15388
864 15388
868 15388
872 15388
876 15388
880 15388
884 15388
888 15388
892 15388
896 15388
900 15388
904 15388
908 15412
912 15412
916 15412
920 15412
924 15412
928 15412
932 15412
936 15412
940 15412
944 15412
948 15412
952 15412
956 15412
960 15412
964 16924
968 16924
972 16972
976 16972
980 16972
984 16972
988 16972
992 16972
996 16972
1000 16972
1004 16972
1008 16972
1012 16972
1016 16972
1020 16972
1024 16972
1028 19012
1032 19012
1036 19060
1040 19060
1044 19060
1048 19060
1052 19060
1056 19060
1060 19060
1064 19060
1068 19060
1072 19060
1076 19060
1080 19060
1084 19060
1088 19060
1092 20836
1096 20836
1100 20884
1104 20884
1108 20884
1112 20884
1116 20884
1120 20884
1124 20884
1128 20884
1132 20884
1136 20884
1140 20884
1144 20884
1148 20884
1152 20884
1156 22492
1160 22492
1164 22540
1168 22540
1172 22540
1176 22540
1180 22540
1184 22540
1188 22540
1192 22540
1196 22540
1200 22540
1204 22540
1208 22540
1212 22540
1216 22540
1220 24004
1224 24004
1228 24052
1232 24052
1236 24052
1240 24052
1244 24052
1248 24052
1252 24052
1256 24052
1260 24052
1264 24052
1268 24052
1272 24052
1276 24052
1280 24052
1284 25324
1288 25324
1292 25372
1296 25372
1300 25372
1304 25372
1308 25372
1312 25372
1316 25372
1320 25372
1324 25372
1328 25372
1332 25372
1336 25372
1340 25372
1344 25372
1348 26572
1352 26572
1356 26620
1360 26620
1364 26620
1368 26620
1372 26620
1376 26620
1380 26620
1384 26620
1388 26620
1392 26620
1396 26620
1400 26620
1404 26620
1408 26620
1412 27676
1416 27676
1420 27676
1424 27676
1428 27676
1432 27676
1436 27676
1440 27676
1444 27676
1448 27676
1452 27676
1456 27676
1460 27676
1464 27676
1468 27676
1472 27676
1476 27676
1480 27676
1484 27676
1488 27676
1492 27676
1496 27676
1500 27676
1504 27676
1508 27676
1512 27676
1516 27676
1520 27676
1524 27676
1528 27676
1532 27676
1536 27676
1540 27676
1544 27676
1548 27676
1552 27676
1556 27676
1560 27676
1564 27676
1568 27676
1572 27676
1576 27676
1580 27676
1584 27676
1588 27676
1592 27676
1596 27676
1600 27676
1604 27676
1608 27676
1612 27676
1616 27676
1620 27676
1624 27676
1628 27676
1632 27676
1636 27676
1640 27676
1644 27676
1648 27676
1652 27676
1656 27676
1660 27676
1664 27676
1668 27676
1672 27676
1676 27676
1680 27676
1684 27676
1688 27676
1692 27676
1696 27676
1700 27676
1704 27676
1708 27676
1712 27676
1716 27676
1720 27676
1724 27676
1728 27676
1732 27676
1736 27676
1740 27676
1744 27676
1748 27676
1752 27676
1756 27676
1760 27676
1764 27676
1768 27676
1772 27676
1776 27676
1780 27676
1784 27676
1788 27676
1792 27676
1796 27676
1800 27676
1804 27676
1808 27676
1812 27676
1816 27676
1820 27676
1824 27676
1828 27676
1832 27676
1836 27676
1840 27676
1844 27676
1848 27676
1852 27676
1856 27676
1860 27676
1864 27676
1868 27676
1872 27676
1876 27676
1880 27676
1884 27676
1888 27676
1892 27676
1896 27676
1900 27676
1904 27676
1908 27676
1912 27676
1916 27676
1920 27676
1924 27676
1928 27676
1932 27676
1936 27676
1940 27676
1944 27676
1948 27676
1952 27676
1956 27676
1960 27676
1964 27676
1968 27676
1972 27676
1976 27676
1980 27676
1984 27676
1988 27676
1992 27676
1996 27676
2000 27676
2004 27676
2008 27676
2012 27676
2016 27676
2020 27676
2024 27676
2028 27676
2032 27676
2036 27676
2040 27676
2044 27676
