7000 612673
7004 612036
7008 612036
7012 612036
7016 612036
7020 612036
7024 612036
7028 612036
7032 612036
7036 612036
7040 612036
7044 612036
7048 612036
7052 612036
7056 612036
7060 612036
7064 612036
7068 612036
7072 612036
7076 612036
7080 612036
7084 612036
7088 612036
7092 612036
7096 612036
7100 612036
7104 612036
7108 612036
7112 612036
7116 612036
7120 612036
7124 612036
7128 612036
7132 612036
7136 612036
7140 612036
7144 612036
7148 612036
7152 612036
7156 612036
7160 612036
7164 612036
7168 612036
7172 612036
7176 612036
7180 612036
7184 612036
7188 612036
7192 612036
7196 612036
7200 612036
7204 612036
7208 612036
7212 612036
7216 612036
7220 612036
7224 612036
7228 612036
7232 612036
7236 612036
7240 612036
7244 612036
7248 612036
7252 612036
7256 612036
7260 612036
7264 612036
7268 612036
7272 612036
7276 612036
7280 612036
7284 612036
7288 612036
7292 612036
7296 612036
7300 612036
7304 612036
7308 612036
7312 612036
7316 612036
7320 612036
7324 612036
7328 612036
7332 612036
7336 612036
7340 612036
7344 612036
7348 612036
7352 612036
7356 612036
7360 612036
7364 612036
7368 612036
7372 612036
7376 612036
7380 612036
7384 612036
7388 612036
7392 612036
7396 612036
7400 612036
7404 612036
7408 612036
7412 612036
7416 612036
7420 612036
7424 612036
7428 612036
7432 612036
7436 612036
7440 612036
7444 612036
7448 612036
7452 612036
7456 612036
7460 612036
7464 612036
7468 612036
7472 612036
7476 612036
7480 612036
7484 612036
7488 612036
7492 612036
7496 612036
7500 612036
7504 612036
7508 612036
7512 612036
7516 612036
7520 612036
7524 612036
7528 612036
7532 612036
7536 612036
7540 612036
7544 612036
7548 612036
7552 612036
7556 612036
7560 612036
7564 612036
7568 612036
7572 612036
7576 612036
7580 612036
7584 612036
7588 612036
7592 612036
7596 612036
7600 612036
7604 612036
7608 612036
7612 612036
7616 612036
7620 612036
7624 612036
7628 612036
7632 612036
7636 612036
7640 612036
7644 612036
7648 612036
7652 612036
7656 612036
7660 612036
7664 612036
7668 612036
7672 612036
7676 612036
7680 612036
7684 612036
7688 612036
7692 612036
7696 612036
7700 612036
7704 612036
7708 612036
7712 612036
7716 612036
7720 612036
7724 612036
7728 612036
7732 612036
7736 612036
7740 612036
7744 612036
7748 612036
7752 612036
7756 612036
7760 612036
7764 612036
7768 612036
7772 612036
7776 612036
7780 612036
7784 612036
7788 612036
7792 612036
7796 612036
7800 612036
7804 612036
7808 612036
7812 612036
7816 612036
7820 612036
7824 612036
7828 612036
7832 612036
7836 612036
7840 612036
7844 612036
7848 612036
7852 612036
7856 612036
7860 612036
7864 612036
7868 612036
7872 612036
7876 612036
7880 612036
7884 612036
7888 612036
7892 612036
7896 612036
7900 612036
7904 612036
7908 612036
7912 612036
7916 612036
7920 612036
7924 612036
7928 612036
7932 612036
7936 612036
7940 612036
7944 612036
7948 612036
7952 612036
7956 612036
7960 612036
7964 612036
7968 612036
7972 612036
7976 612036
7980 612036
7984 612036
7988 612036
7992 612036
7996 612036
8000 612036
8004 612036
8008 612036
8012 612036
8016 612036
8020 612036
8024 612036
8028 612036
8032 612036
8036 612060
8040 612060
8044 612924
8048 612060
8052 613740
8056 613740
8060 613740
8064 613740
8068 613740
8072 613740
8076 613740
8080 613740
8084 613740
8088 613740
8092 613740
8096 613740
8100 613740
8104 613740
8108 613740
8112 613740
8116 613740
8120 613716
8124 613716
8128 613716
8132 613716
8136 613716
8140 613716
8144 613716
8148 613716
8152 613716
8156 613716
8160 613716
8164 613716
8168 613716
8172 613716
8176 613716
8180 613740
8184 613740
8188 614148
8192 613740
8196 614388
8200 615036
8204 615660
8208 616284
8212 616932
8216 617580
8220 618204
8224 618828
8228 619476
8232 620004
8236 620580
8240 621204
8244 621852
8248 622476
8252 623076
8256 623700
8260 624348
8264 624972
8268 625572
8272 626196
8276 626844
8280 627468
8284 628068
8288 628692
8292 629340
8296 629964
8300 630564
8304 631188
8308 631836
8312 632460
8316 633060
8320 633684
8324 634332
8328 634956
8332 635556
8336 636180
8340 636828
8344 637452
8348 637932
8352 638436
8356 639060
8360 639660
8364 640260
8368 640884
8372 641532
8376 642132
8380 642732
8384 643356
8388 644004
8392 644604
8396 645204
8400 645828
8404 646476
8408 647076
8412 647676
8416 648300
8420 648948
8424 649548
8428 650148
8432 650772
8436 651420
8440 652020
8444 652620
8448 653244
8452 653892
8456 654492
8460 655092
8464 655668
8468 656100
8472 656484
8476 656868
8480 657324
8484 657948
8488 658524
8492 659100
8496 659724
8500 660372
8504 660948
8508 661524
8512 662148
8516 662796
8520 663372
8524 663948
8528 664572
8532 665220
8536 665796
8540 666372
8544 666996
8548 667644
8552 668220
8556 668796
8560 669420
8564 670068
8568 670644
8572 671220
8576 671844
8580 672492
8584 673068
8588 673644
8592 674244
8596 674676
8600 675060
8604 675468
8608 676044
8612 676692
8616 677268
8620 677844
8624 678444
8628 679092
8632 679668
8636 680244
8640 680844
8644 681492
8648 682068
8652 682644
8656 683244
8660 683892
8664 684468
8668 685044
8672 685644
8676 686292
8680 686868
8684 687444
8688 688044
8692 688692
8696 689268
8700 689844
8704 690444
8708 691092
8712 691668
8716 692052
8720 692436
8724 692868
8728 693252
8732 693636
8736 694020
8740 694452
8744 694836
8748 695388
8752 695940
8756 696564
8760 697140
8764 697716
8768 698292
8772 698916
8776 699492
8780 700068
8784 700644
8788 701268
8792 701844
8796 702420
8800 702996
8804 703620
8808 704196
8812 704772
8816 705348
8820 705972
8824 706548
8828 707124
8832 707700
8836 708324
8840 708900
8844 709476
8848 710052
8852 710652
8856 711036
8860 711420
8864 711804
8868 712212
8872 712596
8876 713148
8880 713700
8884 714300
8888 714876
8892 715452
8896 716028
8900 716628
8904 717204
8908 717780
8912 718356
8916 718956
8920 719532
8924 720108
8928 720684
8932 721284
8936 721860
8940 722436
8944 723012
8948 723612
8952 724188
8956 724764
8960 725340
8964 725940
8968 726516
8972 727092
8976 727668
8980 728052
8984 728436
8988 728820
8992 729204
8996 729588
