16360 378531
16364 378418
16368 378418
16372 378418
16376 378418
16380 378418
16384 378418
16388 383170
16392 383170
16396 383266
16400 383266
16404 383266
16408 383266
16412 383266
16416 383266
16420 383266
16424 383266
16428 383266
16432 383266
16436 383266
16440 383266
16444 383266
16448 383266
16452 387994
16456 387994
16460 388090
16464 388090
16468 388090
16472 388090
16476 388090
16480 388090
16484 388090
16488 388090
16492 388090
16496 388090
16500 388090
16504 388090
16508 388090
16512 388090
16516 392746
16520 392746
16524 392842
16528 392842
16532 392842
16536 392842
16540 392842
16544 392842
16548 392842
16552 392842
16556 392842
16560 392842
16564 392842
16568 392842
16572 392842
16576 392842
16580 397474
16584 397474
16588 397570
16592 397570
16596 397570
16600 397570
16604 397570
16608 397570
16612 397570
16616 397570
16620 397570
16624 397570
16628 397570
16632 397570
16636 397570
16640 397570
16644 402130
16648 402130
16652 402226
16656 402226
16660 402226
16664 402226
16668 402226
16672 402226
16676 402226
16680 402226
16684 402226
16688 402226
16692 402226
16696 402226
16700 402226
16704 402226
16708 406738
16712 406738
16716 406834
16720 406834
16724 406834
16728 406834
16732 406834
16736 406834
16740 406834
16744 406834
16748 406834
16752 406834
16756 406834
16760 406834
16764 406834
16768 406834
16772 411490
16776 411490
16780 411586
16784 411586
16788 411586
16792 411586
16796 411586
16800 411586
16804 411586
16808 411586
16812 411586
16816 411586
16820 411586
16824 411586
16828 411586
16832 411586
16836 416026
16840 416026
16844 416122
16848 416122
16852 416122
16856 416122
16860 416122
16864 416122
16868 416122
16872 416122
16876 416122
16880 416122
16884 416122
16888 416122
16892 416122
16896 416122
16900 420562
16904 420562
16908 420658
16912 420658
16916 420658
16920 420658
16924 420658
16928 420658
16932 420658
16936 420658
16940 420658
16944 420658
16948 420658
16952 420658
16956 420658
16960 420658
16964 425218
16968 425218
16972 425314
16976 425314
16980 425314
16984 425314
16988 425314
16992 425314
16996 425314
17000 425314
17004 425314
17008 425314
17012 425314
17016 425314
17020 425314
17024 425314
17028 429394
17032 429394
17036 429490
17040 429490
17044 429490
17048 429490
17052 429490
17056 429490
17060 429490
17064 429490
17068 429490
17072 429490
17076 429490
17080 429490
17084 429490
17088 429490
17092 434026
17096 434026
17100 434122
17104 434122
17108 434122
17112 434122
17116 434122
17120 434122
17124 434122
17128 434122
17132 434122
17136 434122
17140 434122
17144 434122
17148 434122
17152 434122
17156 438346
17160 438346
17164 438442
17168 438442
17172 438442
17176 438442
17180 438442
17184 438442
17188 438442
17192 438442
17196 438442
17200 438442
17204 438442
17208 438442
17212 438442
17216 438442
17220 442930
17224 442930
17228 443026
17232 443026
17236 443026
17240 443026
17244 443026
17248 443026
17252 443026
17256 443026
17260 443026
17264 443026
17268 443026
17272 443026
17276 443026
17280 443026
17284 447226
17288 447226
17292 447322
17296 447322
17300 447322
17304 447322
17308 447322
17312 447322
17316 447322
17320 447322
17324 447322
17328 447322
17332 447322
17336 447322
17340 447322
17344 447322
17348 451450
17352 451450
17356 451546
17360 451546
17364 451546
17368 451546
17372 451546
17376 451546
17380 451546
17384 451546
17388 451546
17392 451546
17396 451546
17400 451546
17404 451546
17408 451546
17412 456010
17416 456010
17420 456106
17424 456106
17428 456106
17432 456106
17436 456106
17440 456106
17444 456106
17448 456106
17452 456106
17456 456106
17460 456106
17464 456106
17468 456106
17472 456106
17476 459874
17480 459874
17484 459970
17488 459970
17492 459970
17496 459970
17500 459970
17504 459970
17508 459970
17512 459970
17516 459970
17520 459970
17524 459970
17528 459970
17532 459970
17536 459970
17540 464242
17544 464242
17548 464338
17552 464338
17556 464338
17560 464338
17564 464338
17568 464338
17572 464338
17576 464338
17580 464338
17584 464338
17588 464338
17592 464338
17596 464338
17600 464338
17604 468298
17608 468298
17612 468394
17616 468394
17620 468394
17624 468394
17628 468394
17632 468394
17636 468394
17640 468394
17644 468394
17648 468394
17652 468394
17656 468394
17660 468394
17664 468394
17668 472786
17672 472786
17676 472882
17680 472882
17684 472882
17688 472882
17692 472882
17696 472882
17700 472882
17704 472882
17708 472882
17712 472882
17716 472882
17720 472882
17724 472882
17728 472882
17732 476746
17736 476746
17740 476842
17744 476842
17748 476842
17752 476842
17756 476842
17760 476842
17764 476842
17768 476842
17772 476842
17776 476842
17780 476842
17784 476842
17788 476842
17792 476842
17796 480994
17800 480994
17804 481090
17808 481090
17812 481090
17816 481090
17820 481090
17824 481090
17828 481090
17832 481090
17836 481090
17840 481090
17844 481090
17848 481090
17852 481090
17856 481090
17860 485122
17864 485122
17868 485218
17872 485218
17876 485218
17880 485218
17884 485218
17888 485218
17892 485218
17896 485218
17900 485218
17904 485218
17908 485218
17912 485218
17916 485218
17920 485218
17924 489058
17928 489058
17932 489154
17936 489154
17940 489154
17944 489154
17948 489154
17952 489154
17956 489154
17960 489154
17964 489154
17968 489154
17972 489154
17976 489154
17980 489154
17984 489154
17988 492802
17992 492802
17996 492898
18000 492898
18004 492898
18008 492898
18012 492898
18016 492898
18020 492898
18024 492898
18028 492898
18032 492898
18036 492898
18040 492898
18044 492898
18048 492898
18052 497026
18056 497026
18060 497122
18064 497122
18068 497122
18072 497122
18076 497122
18080 497122
18084 497122
18088 497122
18092 497122
18096 497122
18100 497122
18104 497122
18108 497122
18112 497122
18116 500914
18120 500914
18124 501010
18128 501010
18132 501010
18136 501010
18140 501010
18144 501010
18148 501010
18152 501010
18156 501010
18160 501010
18164 501010
18168 501010
18172 501010
18176 501010
18180 504898
18184 504898
18188 504994
18192 504994
18196 504994
18200 504994
18204 504994
18208 504994
18212 504994
18216 504994
18220 504994
18224 504994
18228 504994
18232 504994
18236 504994
18240 504994
18244 508954
18248 508954
18252 509050
18256 509050
18260 509050
18264 509050
18268 509050
18272 509050
18276 509050
18280 509050
18284 509050
18288 509050
18292 509050
18296 509050
18300 509050
18304 509050
18308 512674
18312 512674
18316 512770
18320 512770
18324 512770
18328 512770
18332 512770
18336 512770
18340 512770
18344 512770
18348 512770
18352 512770
18356 512770
18360 512770
18364 512770
18368 512770
18372 516898
18376 516898
18380 516994
18384 516994
18388 516994
18392 516994
18396 516994
18400 516994
18404 516994
18408 516994
18412 516994
18416 516994
18420 516994
18424 516994
18428 516994
18432 516994
18436 520354
18440 520354
18444 520450
18448 520450
18452 520450
18456 520450
18460 520450
18464 520450
18468 520450
18472 520450
18476 520450
18480 520450
18484 520450
18488 520450
18492 520450
18496 520450
18500 523954
18504 523954
18508 524050
18512 524050
18516 524050
18520 524050
18524 524050
18528 524050
18532 524050
18536 524050
18540 524050
18544 524050
18548 524050
18552 524050
18556 524050
18560 524050
18564 527938
18568 527938
18572 528034
18576 528034
18580 528034
18584 528034
18588 528034
18592 528034
18596 528034
18600 528034
18604 528034
18608 528034
18612 528034
18616 528034
18620 528034
18624 528034
18628 531634
18632 531634
18636 531730
18640 531730
18644 531730
18648 531730
18652 531730
18656 531730
18660 531730
18664 531730
18668 531730
18672 531730
18676 531730
18680 531730
18684 531730
18688 531730
18692 535426
18696 535426
18700 535522
18704 535522
18708 535522
18712 535522
18716 535522
18720 535522
18724 535522
18728 535522
18732 535522
18736 535522
18740 535522
18744 535522
18748 535522
18752 535522
18756 539242
18760 539242
18764 539338
18768 539338
18772 539338
18776 539338
18780 539338
18784 539338
18788 539338
18792 539338
18796 539338
18800 539338
18804 539338
18808 539338
18812 539338
18816 539338
18820 542818
18824 542818
18828 542914
18832 542914
18836 542914
18840 542914
18844 542914
18848 542914
18852 542914
18856 542914
18860 542914
18864 542914
18868 542914
18872 542914
18876 542914
18880 542914
18884 546754
18888 546754
18892 546850
18896 546850
18900 546850
18904 546850
18908 546850
18912 546850
18916 546850
18920 546850
18924 546850
18928 546850
18932 546850
18936 546850
18940 546850
18944 546850
18948 550114
18952 550114
18956 550210
18960 550210
18964 550210
18968 550210
18972 550210
18976 550210
18980 550210
18984 550210
18988 550210
18992 550210
18996 550210
19000 550210
19004 550210
19008 550210
19012 553474
19016 553474
19020 553570
19024 553570
19028 553570
19032 553570
19036 553570
19040 553570
19044 553570
19048 553570
19052 553570
19056 553570
19060 553570
19064 553570
19068 553570
19072 553570
19076 557314
19080 557314
19084 557410
19088 557410
19092 557410
19096 557410
19100 557410
19104 557410
19108 557410
19112 557410
19116 557410
19120 557410
19124 557410
19128 557410
19132 557410
19136 557410
19140 560650
19144 560650
19148 560746
19152 560746
19156 560746
19160 560746
19164 560746
19168 560746
19172 560746
19176 560746
19180 560746
19184 560746
19188 560746
19192 560746
19196 560746
19200 560746
19204 564418
19208 564418
19212 564514
19216 564514
19220 564514
19224 564514
19228 564514
19232 564514
19236 564514
19240 564514
19244 564514
19248 564514
19252 564514
19256 564514
19260 564514
19264 564514
19268 567730
19272 567730
19276 567826
19280 567826
19284 567826
19288 567826
19292 567826
19296 567826
19300 567826
19304 567826
19308 567826
19312 567826
19316 567826
19320 567826
19324 567826
19328 567826
19332 571426
19336 571426
19340 571522
19344 571522
19348 571522
19352 571522
19356 571522
19360 571522
19364 571522
19368 571522
19372 571522
19376 571522
19380 571522
19384 571522
19388 571522
19392 571522
19396 574714
19400 574714
19404 574810
19408 574810
19412 574810
19416 574810
19420 574810
19424 574810
19428 574810
19432 574810
19436 574810
19440 574810
19444 574810
19448 574810
19452 574810
19456 574810
19460 578338
19464 578338
19468 578434
19472 578434
19476 578434
19480 578434
19484 578434
19488 578434
19492 578434
19496 578434
19500 578434
19504 578434
19508 578434
19512 578434
19516 578434
19520 578434
19524 581602
19528 581602
19532 581698
19536 581698
19540 581698
19544 581698
19548 581698
19552 581698
19556 581698
19560 581698
19564 581698
19568 581698
19572 581698
19576 581698
19580 581698
19584 581698
19588 584866
19592 584866
19596 584962
19600 584962
19604 584962
19608 584962
19612 584962
19616 584962
19620 584962
19624 584962
19628 584962
19632 584962
19636 584962
19640 584962
19644 584962
19648 584962
19652 588394
19656 588394
19660 588490
19664 588490
19668 588490
19672 588490
19676 588490
19680 588490
19684 588490
19688 588490
19692 588490
19696 588490
19700 588490
19704 588490
19708 588490
19712 588490
19716 591634
19720 591634
19724 591730
19728 591730
19732 591730
19736 591730
19740 591730
19744 591730
19748 591730
19752 591730
19756 591730
19760 591730
19764 591730
19768 591730
19772 591730
19776 591730
19780 595090
19784 595090
19788 595186
19792 595186
19796 595186
19800 595186
19804 595186
19808 595186
19812 595186
19816 595186
19820 595186
19824 595186
19828 595186
19832 595186
19836 595186
19840 595186
19844 598306
19848 598306
19852 598306
19856 598306
19860 598306
19864 598306
19868 598306
19872 598306
19876 598306
19880 598306
19884 598306
19888 598306
19892 598306
19896 598306
19900 598306
19904 598306
19908 598498
19912 598498
19916 598594
19920 598594
19924 598594
19928 598594
19932 598594
19936 598594
19940 598594
19944 598594
19948 598594
19952 598594
19956 598594
19960 598594
19964 598594
19968 598594
19972 601690
19976 601690
19980 601786
19984 601786
19988 601786
19992 601786
19996 601786
20000 601786
20004 601786
20008 601786
20012 601786
20016 601786
20020 601786
20024 601786
20028 601786
20032 601786
20036 605026
20040 605026
20044 605122
20048 605122
20052 605122
20056 605122
20060 605122
20064 605122
20068 605122
20072 605122
20076 605122
20080 605122
20084 605122
20088 605122
20092 605122
20096 605122
20100 608194
20104 608194
20108 608290
20112 608290
20116 608290
20120 608290
20124 608290
20128 608290
20132 608290
20136 608290
20140 608290
20144 608290
20148 608290
20152 608290
20156 608290
20160 608290
20164 611362
20168 611362
20172 611458
20176 611458
20180 611458
20184 611458
20188 611458
20192 611458
20196 611458
20200 611458
20204 611458
20208 611458
20212 611458
20216 611458
20220 611458
20224 611458
20228 614530
20232 614530
20236 614626
20240 614626
20244 614626
20248 614626
20252 614626
20256 614626
20260 614626
20264 614626
20268 614626
20272 614626
20276 614626
20280 614626
20284 614626
20288 614626
20292 617746
20296 617746
20300 617842
20304 617842
20308 617842
20312 617842
20316 617842
20320 617842
20324 617842
20328 617842
20332 617842
20336 617842
20340 617842
20344 617842
20348 617842
20352 617842
20356 620890
20360 620890
20364 620986
20368 620986
20372 620986
20376 620986
20380 620986
20384 620986
20388 620986
20392 620986
20396 620986
20400 620986
20404 620986
20408 620986
20412 620986
20416 620986
20420 624034
20424 624034
20428 624034
20432 624034
20436 624034
20440 624034
20444 624034
20448 624034
20452 624034
20456 624034
20460 624034
20464 624034
20468 624034
20472 624034
20476 624034
20480 624034
20484 624034
20488 624034
20492 624034
20496 624034
20500 624034
20504 624034
20508 624034
20512 624034
20516 624034
20520 624034
20524 624034
20528 624034
20532 624034
20536 624034
20540 624034
20544 624034
20548 624034
20552 624034
20556 624034
20560 624034
20564 624034
20568 624034
20572 624034
20576 624034
20580 624034
20584 624034
20588 624034
20592 624034
20596 624034
20600 624034
20604 624034
20608 624034
20612 624034
20616 624034
20620 624034
20624 624034
20628 624034
20632 624034
20636 624034
20640 624034
20644 624034
20648 624034
20652 624034
20656 624034
20660 624034
20664 624034
20668 624034
20672 624034
20676 624034
20680 624034
20684 624034
20688 624034
20692 624034
20696 624034
20700 624034
20704 624034
20708 624034
20712 624034
20716 624034
20720 624034
20724 624034
20728 624034
20732 624034
20736 624034
20740 624034
20744 624034
20748 624034
20752 624034
20756 624034
20760 624034
20764 624034
20768 624034
20772 624034
20776 624034
20780 624034
20784 624034
20788 624034
20792 624034
20796 624034
