64300 28593
64304 28622
64308 28593
64312 28593
64316 28593
64320 28593
64324 28593
64328 28593
64332 28593
64336 28593
64340 28593
64344 28593
64348 28593
64352 28593
64356 28593
64360 28593
64364 28593
64368 28593
64372 28593
64376 28593
64380 28593
64384 28593
64388 28593
64392 28593
64396 28593
64400 28593
64404 28593
64408 28593
64412 28593
64416 28593
64420 28593
64424 28593
64428 28593
64432 28593
64436 28593
64440 28593
64444 28593
64448 28593
64452 28593
64456 28593
64460 28593
64464 28593
64468 28593
64472 28593
64476 28593
64480 28593
64484 28593
64488 28593
64492 28593
64496 28593
64500 28593
64504 28593
64508 28593
64512 28593
64516 28593
64520 28593
64524 28593
64528 28593
64532 28593
64536 28593
64540 28593
64544 28593
64548 28593
64552 28593
64556 28593
64560 28593
64564 28593
64568 28593
64572 28593
64576 28593
64580 28593
64584 28593
64588 28593
64592 28593
64596 28593
64600 28593
64604 28593
64608 28593
64612 28593
64616 28593
64620 28593
64624 28593
64628 28593
64632 28593
64636 28593
64640 28593
64644 28593
64648 28593
64652 28622
64656 28622
64660 28622
64664 28622
64668 28622
64672 28622
64676 28622
64680 28622
64684 28622
64688 28622
64692 28622
64696 28622
64700 28622
64704 28622
64708 28622
64712 28593
64716 28622
64720 28593
64724 28593
64728 28593
64732 28622
64736 28593
64740 28593
64744 28593
64748 28622
64752 28593
64756 28593
64760 28593
64764 28622
64768 28593
64772 28593
64776 28593
64780 28593
64784 28593
64788 28593
64792 28593
64796 28593
64800 28593
64804 28593
64808 28593
64812 28593
64816 28593
64820 28593
64824 28593
64828 28593
64832 28593
64836 28593
64840 28622
64844 28063
64848 28593
64852 28063
64856 28593
64860 28063
64864 28593
64868 28063
64872 28593
64876 28063
64880 28593
64884 28063
64888 28593
64892 28063
64896 28593
64900 28063
64904 28593
64908 28063
64912 28593
64916 28063
64920 28593
64924 28063
64928 28593
64932 28063
64936 28593
64940 28063
64944 28593
64948 28063
64952 28593
64956 28063
64960 28593
64964 28063
64968 28622
64972 28063
64976 28593
64980 28063
64984 28593
64988 28063
64992 28593
64996 28063
65000 28593
65004 28063
65008 28593
65012 28063
65016 28593
65020 28063
65024 28593
65028 28063
65032 28593
65036 28063
65040 28593
65044 28069
65048 28622
65052 28069
65056 28622
65060 28069
65064 28622
65068 28069
65072 28622
65076 28069
65080 28622
65084 28069
65088 28622
65092 28069
65096 28622
65100 28069
65104 28622
65108 28069
65112 28622
65116 28069
65120 28622
65124 28069
65128 28622
65132 28069
65136 28622
65140 28069
65144 28622
65148 28069
65152 28622
65156 28069
65160 28622
65164 28069
65168 28622
65172 28069
65176 28622
65180 28069
65184 28622
65188 28069
65192 28622
65196 28069
65200 28622
65204 28069
65208 28622
65212 28069
65216 28622
65220 28069
65224 28622
65228 28069
65232 28622
65236 28069
65240 28622
65244 28069
65248 28622
65252 28069
65256 28622
65260 28069
65264 28622
65268 28069
65272 28622
65276 28069
65280 28622
65284 28069
65288 28622
65292 28069
65296 28622
65300 28069
65304 28622
65308 28069
65312 28622
65316 28069
65320 28622
65324 28271
65328 28622
65332 28099
65336 28622
65340 28593
65344 28622
65348 28593
65352 28622
65356 28593
65360 28622
65364 28593
65368 28622
65372 28593
65376 28622
65380 28593
65384 28622
65388 28593
65392 28622
65396 28593
65400 28622
65404 28593
65408 28622
65412 28593
65416 28622
65420 28593
65424 28622
65428 28593
65432 28622
65436 28593
65440 28622
65444 28593
65448 28622
65452 28593
65456 28622
65460 28593
65464 28622
65468 28593
65472 28622
65476 28593
65480 28593
65484 28913
65488 28913
65492 28913
65496 28913
65500 28913
65504 28913
65508 28913
65512 28913
65516 28913
65520 28913
65524 28913
65528 28913
65532 28913
65536 28913
65540 29273
65544 29322
65548 29223
65552 29435
65556 29322
65560 29302
65564 29484
65568 29273
65572 29484
65576 29273
65580 29605
65584 29273
65588 30008
65592 29273
65596 30008
65600 29273
65604 30008
65608 29616
65612 29302
65616 29302
65620 29302
65624 29302
65628 29302
65632 29302
65636 29302
65640 29302
65644 29302
65648 29302
65652 29302
65656 29302
65660 29302
65664 29302
65668 29302
65672 29322
65676 29302
65680 29273
65684 30008
65688 29273
65692 29644
65696 29273
65700 29498
65704 29273
65708 29498
65712 29273
65716 29498
65720 29273
65724 29498
65728 29273
65732 29732
65736 29302
65740 29642
65744 30195
65748 29769
65752 30195
65756 29769
65760 30195
65764 29769
65768 30195
65772 29769
65776 30195
65780 29769
65784 30195
65788 29769
65792 30195
65796 30234
65800 29953
65804 30234
65808 29953
65812 29953
65816 29953
65820 29953
65824 29953
65828 29953
65832 29953
65836 29953
65840 29953
65844 29953
65848 29953
65852 29953
65856 29953
65860 29953
65864 30002
65868 29992
65872 29696
65876 30002
65880 30185
65884 29584
65888 29793
65892 30002
65896 30185
65900 29754
65904 30185
65908 29591
65912 30185
65916 29591
65920 30185
65924 29591
65928 29591
65932 29556
65936 29556
65940 29556
65944 29556
65948 29556
65952 29556
65956 29556
65960 29556
65964 29556
65968 29556
65972 29556
65976 29556
65980 29556
65984 29556
65988 29556
65992 29507
65996 30101
66000 30730
66004 29876
66008 29827
66012 30779
66016 31007
66020 29827
66024 30779
66028 30779
66032 29827
66036 30779
66040 30779
66044 29827
66048 30779
66052 31101
66056 31066
66060 31031
66064 31101
66068 30565
66072 31067
66076 30886
66080 30886
66084 30762
66088 30762
66092 30762
66096 30762
66100 30762
66104 30762
66108 30762
66112 30762
66116 30762
66120 30641
66124 30886
66128 30565
66132 30551
66136 30565
66140 30551
66144 30565
66148 30551
66152 30565
66156 30551
66160 30565
66164 30766
66168 30565
66172 31050
66176 30819
66180 30846
66184 31674
66188 31674
66192 31101
66196 31101
66200 31732
66204 30684
66208 31709
66212 31674
66216 31101
66220 31101
66224 31732
66228 30684
66232 31709
66236 31674
66240 31101
66244 31101
66248 30921
66252 31542
66256 31275
66260 31310
66264 31685
66268 31245
66272 31310
66276 31429
66280 30998
66284 31310
66288 31429
66292 30998
66296 31310
66300 31429
66304 30998
66308 31740
66312 32270
66316 31519
66320 31733
66324 31760
66328 31658
66332 31556
66336 31533
66340 31533
66344 31533
66348 31533
66352 31533
66356 31533
66360 31533
66364 31533
66368 31533
66372 31533
66376 31775
66380 31835
66384 31775
66388 31698
66392 31705
66396 31775
66400 31955
66404 31705
66408 31775
66412 31705
66416 31705
66420 31775
66424 31705
66428 31705
66432 31775
66436 32082
66440 31579
66444 31463
66448 31940
66452 31463
66456 31653
66460 31738
66464 32347
66468 31653
66472 31561
66476 31970
66480 31533
66484 32270
66488 31847
66492 31533
66496 31786
66500 31533
66504 31385
66508 32327
66512 33011
66516 32214
66520 32426
66524 32892
66528 33011
66532 32214
66536 32326
66540 32892
66544 33011
66548 32214
66552 32243
66556 32892
66560 32487
66564 32679
66568 32740
66572 32778
66576 33392
66580 33022
66584 32679
66588 33508
66592 33508
66596 32783
66600 33392
66604 33022
66608 32679
66612 33488
66616 33488
66620 33488
66624 33324
66628 33238
66632 32679
66636 32644
66640 32679
66644 32679
66648 32679
66652 32679
66656 32679
66660 32679
66664 32679
66668 32679
66672 32679
66676 32679
66680 32679
66684 32679
66688 32679
66692 32679
66696 32644
66700 32939
66704 32644
66708 32644
66712 32644
66716 32644
66720 32899
66724 32810
66728 32856
66732 32899
66736 32810
66740 32856
66744 32375
66748 32518
66752 32549
66756 32447
66760 33092
66764 33287
66768 33036
66772 32917
66776 33447
66780 33447
66784 33447
66788 33447
66792 33447
66796 33447
66800 33447
66804 33447
66808 33447
66812 33447
66816 33447
66820 34317
66824 33793
66828 33906
66832 33684
66836 34200
66840 34171
66844 34171
66848 34171
66852 34171
66856 34171
66860 34171
66864 34171
66868 34171
66872 34171
66876 34171
66880 34171
66884 34171
66888 33962
66892 34282
66896 33891
66900 33871
66904 34282
66908 34219
66912 34098
66916 33926
66920 33608
66924 34247
66928 34177
66932 33936
66936 33699
66940 33699
66944 33699
66948 33699
66952 33705
66956 34247
66960 34030
66964 34030
66968 34635
66972 34549
66976 34592
66980 34635
66984 34549
66988 34592
66992 34506
66996 34420
67000 34354
67004 34354
67008 34354
67012 34354
67016 33516
67020 33661
67024 34485
67028 34327
67032 34485
67036 34123
67040 34485
67044 34104
67048 34058
67052 33980
67056 33935
67060 33913
67064 34485
67068 34634
67072 33687
67076 34624
67080 35573
67084 34388
67088 35394
67092 35449
67096 34831
67100 34465
67104 35394
67108 35078
67112 35047
67116 34465
67120 35394
67124 35078
67128 35026
67132 34465
67136 35394
67140 35098
67144 34881
67148 34685
67152 34760
67156 34781
67160 35424
67164 34781
67168 35220
67172 35430
67176 35505
67180 35245
67184 35449
67188 34992
67192 35761
67196 34947
67200 36005
67204 35035
67208 35157
67212 35291
67216 34721
67220 35038
67224 35038
67228 35038
67232 35038
67236 35038
67240 35038
67244 35038
67248 35038
67252 35038
67256 35307
67260 35208
67264 35264
67268 35307
67272 34769
67276 35845
67280 35501
67284 35594
67288 35375
67292 35502
67296 35375
67300 34896
67304 35375
67308 35295
67312 35176
67316 36000
67320 35375
67324 34829
67328 35375
67332 35357
67336 36035
67340 36405
67344 35494
67348 35888
67352 36917
67356 36882
67360 36704
67364 37395
67368 35598
67372 36642
67376 36642
67380 36642
67384 36642
67388 36642
67392 36642
67396 36642
67400 36444
67404 36917
67408 36882
67412 36917
67416 36882
67420 36917
67424 36882
67428 36917
67432 36882
67436 36917
67440 36882
67444 36917
67448 36882
67452 36917
67456 36882
67460 36917
67464 36833
67468 37062
67472 35933
67476 36833
67480 36914
67484 36119
67488 36693
67492 35866
67496 36882
67500 36857
67504 36914
67508 36029
67512 36693
67516 36179
67520 36393
67524 36693
67528 36693
67532 37481
67536 37414
67540 37138
67544 36400
67548 35980
67552 37159
67556 37065
67560 37084
67564 36982
67568 36885
67572 36885
67576 36885
67580 36885
67584 36885
67588 37341
67592 37341
67596 38086
67600 37728
67604 37997
67608 37898
67612 37954
67616 38275
67620 38189
67624 38232
67628 38275
67632 38189
67636 38232
67640 38275
67644 38189
67648 38232
67652 38275
67656 37990
67660 38343
67664 38386
67668 38300
67672 38336
67676 38379
67680 38292
67684 38336
67688 38379
67692 38292
67696 38502
67700 38545
67704 38458
67708 38502
67712 38416
67716 38330
67720 38697
67724 37533
67728 38540
67732 38139
67736 38147
67740 38941
67744 37493
67748 36699
67752 36699
67756 36699
67760 36699
67764 36699
67768 36699
67772 36699
67776 36699
67780 36699
67784 37178
67788 37512
67792 38113
67796 38130
67800 37549
67804 37792
67808 37620
67812 38847
67816 38534
67820 37857
67824 37898
67828 37999
67832 37999
67836 37999
67840 37999
67844 38522
67848 38522
67852 38485
67856 38534
67860 38577
67864 38491
67868 38405
67872 38110
67876 38532
67880 38310
67884 38110
67888 38239
67892 39905
67896 39534
67900 38146
67904 38025
67908 38497
67912 39780
67916 38241
67920 37917
67924 38774
67928 38241
67932 37917
67936 38942
67940 39149
67944 39170
67948 39049
67952 38963
67956 38877
67960 39410
67964 39410
67968 39410
67972 39410
67976 38599
67980 38558
67984 38974
67988 38384
67992 38999
67996 38543
68000 38974
68004 38898
68008 38978
68012 38543
68016 40121
68020 40164
68024 39949
68028 39992
68032 40035
68036 39949
68040 39503
68044 39266
68048 39068
68052 41141
68056 39305
68060 39268
68064 39268
68068 39268
68072 39268
68076 39268
68080 39268
68084 39268
68088 39268
68092 39268
68096 39268
68100 39915
68104 39929
68108 39915
68112 40468
68116 40468
68120 40468
68124 40468
68128 40468
68132 40468
68136 40468
68140 40468
68144 40468
68148 40468
68152 40468
68156 40468
68160 40468
68164 40468
68168 40468
68172 39755
68176 40343
68180 39053
68184 38959
68188 41115
68192 39256
68196 39029
68200 41677
68204 39050
68208 41634
68212 39007
68216 41462
68220 38964
68224 41463
68228 38921
68232 41559
68236 39843
68240 39629
68244 39280
68248 41430
68252 39593
68256 41430
68260 39491
68264 41430
68268 39378
68272 41430
68276 39429
68280 39588
68284 41565
68288 40097
68292 40879
68296 41583
68300 41283
68304 40814
68308 41276
68312 40725
68316 40760
68320 40116
68324 40373
68328 40634
68332 40472
68336 40599
68340 40599
68344 40564
68348 41262
68352 40879
68356 41348
68360 40308
68364 41604
68368 41022
68372 41332
68376 40621
68380 41297
68384 40417
68388 41297
68392 40799
68396 41656
68400 41297
68404 40622
68408 40631
68412 41402
68416 41332
68420 40504
68424 41402
68428 40824
68432 40443
68436 40795
68440 41402
68444 40751
68448 40716
68452 40255
68456 41402
68460 40442
68464 42599
68468 40399
68472 40784
68476 41402
68480 40399
68484 40513
68488 40427
68492 39821
68496 41130
68500 41665
68504 40123
68508 41611
68512 40834
68516 41708
68520 42515
68524 41595
68528 40184
68532 41514
68536 41418
68540 40560
68544 41361
68548 40517
68552 41729
68556 40997
68560 41460
68564 41824
68568 41999
68572 41402
68576 41824
68580 41999
68584 41178
68588 41743
68592 41964
68596 41422
68600 41178
68604 41824
68608 41999
68612 42037
68616 42080
68620 41393
68624 41986
68628 41865
68632 41882
68636 41865
68640 41748
68644 41865
68648 41748
68652 42292
68656 42030
68660 41928
68664 41955
68668 41982
68672 41880
68676 41778
68680 41722
68684 41935
68688 42286
68692 41669
68696 41935
68700 42286
68704 42492
68708 42167
68712 41432
68716 41166
68720 41419
68724 41427
68728 41177
68732 41314
68736 41990
68740 42650
68744 41818
68748 42137
68752 44555
68756 44165
68760 42294
68764 42148
68768 42647
68772 41481
68776 44056
68780 44082
68784 43708
68788 42647
68792 41519
68796 43738
68800 44621
68804 43742
68808 41682
68812 42167
68816 42339
68820 43755
68824 44825
68828 42819
68832 42606
68836 42495
68840 42495
68844 42495
68848 42495
68852 42495
68856 42495
68860 42495
68864 42495
68868 42942
68872 43611
68876 41878
68880 43355
68884 44070
68888 43346
68892 43598
68896 43311
68900 42894
68904 43157
68908 43486
68912 43567
68916 42602
68920 43311
68924 42477
68928 43311
68932 42989
68936 42989
68940 42736
68944 43465
68948 43462
68952 43360
68956 43377
68960 43627
68964 42894
68968 43877
68972 43469
68976 43127
68980 44619
68984 42698
68988 44673
68992 43038
68996 43747
69000 42891
69004 43463
69008 42787
69012 43400
69016 42834
69020 43560
69024 43322
69028 43089
69032 43169
69036 42631
69040 43057
69044 42681
69048 43157
69052 42529
69056 43114
69060 42748
69064 42888
69068 42885
69072 43470
69076 43484
69080 46308
69084 43365
69088 43279
69092 43322
69096 43365
69100 43417
69104 43465
69108 43315
69112 43258
69116 43544
69120 43141
69124 43748
69128 44589
69132 44224
69136 44852
69140 44852
69144 45100
69148 44887
69152 44887
69156 44421
69160 43703
69164 43970
69168 44344
69172 44727
69176 44344
69180 44684
69184 44344
69188 44641
69192 44887
69196 44335
69200 44887
69204 44107
69208 44756
69212 45168
69216 44224
69220 44887
69224 44681
69228 44887
69232 44681
69236 44887
69240 44751
69244 44756
69248 45168
69252 44681
69256 44594
69260 45307
69264 44971
69268 44955
69272 45007
69276 44436
69280 44807
69284 45007
69288 45232
69292 44981
69296 44451
69300 44721
69304 44879
69308 44702
69312 44887
69316 44565
69320 44807
69324 45067
69328 45024
69332 44421
69336 46645
69340 46301
69344 46766
69348 45239
69352 44834
69356 45677
69360 45591
69364 45634
69368 45548
69372 44290
69376 44834
69380 46110
69384 46098
69388 45594
69392 45252
69396 46149
69400 48288
69404 48100
69408 45960
69412 44903
69416 46509
69420 45741
69424 46109
69428 45510
69432 45483
69436 45298
69440 45671
69444 45223
69448 47191
69452 46091
69456 45636
69460 45636
69464 45636
69468 45636
69472 45636
69476 45636
69480 45636
69484 45636
69488 45636
69492 45636
69496 45636
69500 45636
69504 45783
69508 45519
69512 45353
69516 46461
69520 46740
69524 46362
69528 46520
69532 46772
69536 46772
69540 46772
69544 46772
69548 46772
69552 46772
69556 47261
69560 46890
69564 46901
69568 46758
69572 46758
69576 46890
69580 47891
69584 46173
69588 47046
69592 47688
69596 48597
69600 47997
69604 46842
69608 47315
69612 46576
69616 48027
69620 47162
69624 47074
69628 47162
69632 47070
69636 47263
69640 47878
69644 46310
69648 46552
69652 47092
69656 47286
69660 46318
69664 46232
69668 46533
69672 46447
69676 46361
69680 46275
69684 46318
69688 46361
69692 46275
69696 47132
69700 49718
69704 48548
69708 47623
69712 47403
69716 48268
69720 47736
69724 47779
69728 48018
69732 47467
69736 47467
69740 47467
69744 47467
69748 47467
69752 47467
69756 47467
69760 47467
69764 47467
69768 46782
69772 46831
69776 47676
69780 47467
69784 47733
69788 47467
69792 47972
69796 47861
69800 47419
69804 47446
69808 47726
69812 47414
69816 47299
69820 47339
69824 47489
69828 46809
69832 47272
69836 48124
69840 49021
69844 48881
69848 48664
69852 48578
69856 48635
69860 48549
69864 48463
69868 48959
69872 48959
69876 48959
69880 48959
69884 48959
69888 48959
69892 49275
69896 49509
69900 48294
69904 48918
69908 49292
69912 49206
69916 49565
69920 49586
69924 49500
69928 49414
69932 49324
69936 49371
69940 49414
69944 49725
69948 49639
69952 49553
69956 49070
69960 47889
69964 48799
69968 47962
69972 48439
69976 48129
69980 47570
69984 47363
69988 47471
69992 47398
69996 47299
70000 47326
70004 47353
70008 47380
70012 47407
70016 47292
70020 47506
70024 48779
70028 47369
70032 49402
70036 50230
70040 48363
70044 48130
70048 48698
70052 48483
70056 48636
70060 48483
70064 48717
70068 48483
70072 48674
70076 48483
70080 48618
70084 48483
70088 48941
70092 47967
70096 48464
70100 50710
70104 49448
70108 48779
70112 49874
70116 48704
70120 49874
70124 48691
70128 49874
70132 47968
70136 50710
70140 49874
70144 49799
70148 49714
70152 49494
70156 49868
70160 50627
70164 50208
70168 50122
70172 50100
70176 50100
70180 50100
70184 50100
70188 50100
70192 50105
70196 50554
70200 50559
70204 50382
70208 50143
70212 50444
70216 49802
70220 50133
70224 49658
70228 49556
70232 49447
70236 49481
70240 49508
70244 49535
70248 49831
70252 49729
70256 49756
70260 50065
70264 50068
70268 51228
70272 49888
70276 50020
70280 50655
70284 49999
70288 50650
70292 48386
70296 48171
70300 48214
70304 48526
70308 48569
70312 48483
70316 48397
70320 48311
70324 48225
70328 48255
70332 49687
70336 51210
70340 48690
70344 51288
70348 51227
70352 51259
70356 52210
70360 52124
70364 51073
70368 50835
70372 50687
70376 50543
70380 50694
70384 50791
70388 50897
70392 50661
70396 50444
70400 50370
70404 51113
70408 50596
70412 50923
70416 51905
70420 50303
70424 51016
70428 51351
70432 51174
70436 51220
70440 52218
70444 50955
70448 51618
70452 50247
70456 50403
70460 50301
70464 50328
70468 51716
70472 50816
70476 51104
70480 51308
70484 51291
70488 51076
70492 50974
70496 50872
70500 50770
70504 50671
70508 52218
70512 52218
70516 52218
70520 52218
70524 52218
70528 52218
70532 52218
70536 50954
70540 51505
70544 51290
70548 52740
70552 50860
70556 50890
70560 51075
70564 51634
70568 52955
70572 51021
70576 50884
70580 50763
70584 51333
70588 51107
70592 50116
70596 50935
70600 51907
70604 53120
70608 51664
70612 53890
70616 52410
70620 52630
70624 52327
70628 52327
70632 52327
70636 52327
70640 52327
70644 52767
70648 52681
70652 52595
70656 52509
70660 52871
70664 52687
70668 52639
70672 53291
70676 53205
70680 53811
70684 54384
70688 52447
70692 52464
70696 54255
70700 52589
70704 52876
70708 52968
70712 52775
70716 52775
70720 52775
70724 53269
70728 52040
70732 53075
70736 52089
70740 52384
70744 52535
70748 52015
70752 51952
70756 52739
70760 53470
70764 53350
70768 52112
70772 52522
70776 53470
70780 52725
70784 52510
70788 53317
70792 52499
70796 52855
70800 52834
70804 52846
70808 52883
70812 53399
70816 53632
70820 52015
70824 53068
70828 53399
70832 53632
70836 52281
70840 53399
70844 53632
70848 52023
70852 53399
70856 53399
70860 52662
70864 54200
70868 54494
70872 53699
70876 54506
70880 53582
70884 53979
70888 54506
70892 53422
70896 54134
70900 53215
70904 54420
70908 53582
70912 53799
70916 53677
70920 53747
70924 53952
70928 54592
70932 53553
70936 53852
70940 53853
70944 53873
70948 54414
70952 53978
70956 54199
70960 53578
70964 53788
70968 54307
70972 53890
70976 54479
70980 54408
70984 54339
70988 54317
70992 54163
70996 53742
71000 54013
71004 53698
71008 54091
71012 53516
71016 54564
71020 53505
71024 53513
71028 54341
71032 54255
71036 54098
71040 54110
71044 53484
71048 53981
71052 53964
71056 53695
71060 54234
71064 53897
71068 53695
71072 54102
71076 53897
71080 53695
71084 54102
71088 53897
71092 53695
71096 54441
71100 53897
71104 53695
71108 54100
71112 53964
71116 54584
71120 54276
71124 54636
71128 55025
71132 54658
71136 54881
71140 54584
71144 55065
71148 54881
71152 54584
71156 54054
71160 55008
71164 54881
71168 54788
71172 54901
71176 55197
71180 55108
71184 55735
71188 55572
71192 55486
71196 55465
71200 55039
71204 55707
71208 55621
71212 55547
71216 55682
71220 55561
71224 55420
71228 56512
71232 55721
71236 55266
71240 56238
71244 54487
71248 55498
71252 55433
71256 56311
71260 55737
71264 55232
71268 55553
71272 55444
71276 56217
71280 55766
71284 55209
71288 55345
71292 56053
71296 55927
71300 55218
71304 55099
71308 55450
71312 55509
71316 55309
71320 55223
71324 55266
71328 55309
71332 55223
71336 55452
71340 55481
71344 55379
71348 55536
71352 54555
71356 55073
71360 55100
71364 55128
71368 54896
71372 56372
71376 55238
71380 55944
71384 55292
71388 55319
71392 56410
71396 55618
71400 56410
71404 55686
71408 55597
71412 56410
71416 55560
71420 55753
71424 55667
71428 57008
71432 56523
71436 56407
71440 55981
71444 56205
71448 56205
71452 56765
71456 56901
71460 55881
71464 55912
71468 56577
71472 56832
71476 55919
71480 55585
71484 56984
71488 55961
71492 55678
71496 57152
71500 56838
71504 55847
71508 56796
71512 56627
71516 56859
71520 57219
71524 57120
71528 57131
71532 57045
71536 56959
71540 56918
71544 56918
71548 57120
71552 57408
71556 57322
71560 57849
71564 56927
71568 57804
71572 56787
71576 56867
71580 57162
71584 56532
71588 57129
71592 57610
71596 57610
71600 57610
71604 57610
71608 57610
71612 57287
71616 57313
71620 56070
71624 55968
71628 56864
71632 56768
71636 56682
71640 56725
71644 56639
71648 56696
71652 56717
71656 56524
71660 57990
71664 57245
71668 57159
71672 56809
71676 57116
71680 57030
71684 57896
71688 57810
71692 56827
71696 58361
71700 58331
71704 58245
71708 58012
71712 58015
71716 56450
71720 56493
71724 57759
71728 58132
71732 58479
71736 57932
71740 58350
71744 57760
71748 58221
71752 57793
71756 57418
71760 58216
71764 58216
71768 58216
71772 58216
71776 58216
71780 58216
71784 58216
71788 58216
71792 58216
71796 58216
71800 58216
71804 58216
71808 58216
71812 58216
71816 57720
71820 57533
71824 58242
71828 57239
71832 58053
71836 57732
71840 58193
71844 57928
71848 57635
71852 58893
71856 58893
71860 58893
71864 58893
71868 58893
71872 58893
71876 58893
71880 57228
71884 58364
71888 58692
71892 58564
71896 58345
71900 58415
71904 58695
71908 57976
71912 58163
71916 58579
71920 58122
71924 58407
71928 58119
71932 58235
71936 58315
71940 58471
71944 59173
71948 58071
71952 59473
71956 58028
71960 59417
71964 58515
71968 58687
71972 59369
71976 59969
71980 59068
71984 58343
71988 57999
71992 60084
71996 59566
72000 59595
72004 59305
72008 58208
72012 59034
72016 59700
72020 59973
72024 60385
72028 58066
72032 59444
72036 59047
72040 59272
72044 59321
72048 60385
72052 59014
72056 59382
72060 59296
72064 59334
72068 59407
72072 60298
72076 58584
72080 58714
72084 59907
72088 59882
72092 60385
72096 59882
72100 60385
72104 59882
72108 60385
72112 59882
72116 59608
72120 60346
72124 59973
72128 59375
72132 59898
72136 59375
72140 59605
72144 59704
72148 59618
72152 59626
72156 59799
72160 59713
72164 59893
72168 60399
72172 60523
72176 60637
72180 60637
72184 60637
72188 60637
72192 60637
72196 61064
72200 60481
72204 60094
72208 59804
72212 60839
72216 59674
72220 60538
72224 60323
72228 59850
72232 60768
72236 59678
72240 60725
72244 59635
72248 60553
72252 59592
72256 60768
72260 59420
72264 60080
72268 60024
72272 59063
72276 60900
72280 60153
72284 60971
72288 61388
72292 60679
72296 61475
72300 61566
72304 60520
72308 60784
72312 60289
72316 60741
72320 61087
72324 60677
72328 61221
72332 60720
72336 60556
72340 60736
72344 60650
72348 60564
72352 60478
72356 60392
72360 60397
72364 60491
72368 60221
72372 60141
72376 60055
72380 59916
72384 60057
72388 60078
72392 59485
72396 61892
72400 61091
72404 61934
72408 61285
72412 62093
72416 61417
72420 61932
72424 61556
72428 62072
72432 61417
72436 61932
72440 60941
72444 62143
72448 61934
72452 60590
72456 61519
72460 61672
72464 61821
72468 61457
72472 61396
72476 61241
72480 61473
72484 61387
72488 61688
72492 61857
72496 61974
72500 61974
72504 61974
72508 61974
72512 61974
72516 61318
72520 61575
72524 61653
72528 61696
72532 61610
72536 61395
72540 61696
72544 61352
72548 60799
72552 61180
72556 62254
72560 61137
72564 61837
72568 61094
72572 61008
72576 61951
72580 61683
72584 62143
72588 61935
72592 60479
72596 61869
72600 62029
72604 61381
72608 61907
72612 61971
72616 61844
72620 60602
72624 61889
72628 61441
72632 60602
72636 61891
72640 61888
72644 62592
72648 61561
72652 62354
72656 62930
72660 62414
72664 61951
72668 63227
72672 62395
72676 62309
72680 62223
72684 62124
72688 62146
72692 62168
72696 62182
72700 62080
72704 62032
72708 63047
72712 64129
72716 64129
72720 63224
72724 62477
72728 64129
72732 62918
72736 62185
72740 62266
72744 62770
72748 63516
72752 62851
72756 62765
72760 63527
72764 63441
72768 63179
72772 63093
72776 63007
72780 63080
72784 62865
72788 62779
72792 62822
72796 62736
72800 63109
72804 63586
72808 62624
72812 62980
72816 62894
72820 62937
72824 62851
72828 62765
72832 63205
72836 63205
72840 63625
72844 63314
72848 62434
72852 62699
72856 62355
72860 62269
72864 62183
72868 62097
72872 62011
72876 61925
72880 62097
72884 62974
72888 63555
72892 63469
72896 62986
72900 62900
72904 63010
72908 64147
72912 64253
72916 62919
72920 64183
72924 64624
72928 63778
72932 63753
72936 64318
72940 63724
72944 63840
72948 64020
72952 64290
72956 63488
72960 63967
72964 64042
72968 64338
72972 64082
72976 63935
72980 64175
72984 64106
72988 64082
72992 64165
72996 64226
73000 64074
73004 64116
73008 63546
73012 63648
73016 63567
73020 64097
73024 64074
73028 63600
73032 64505
73036 63959
73040 64024
73044 63725
73048 64607
73052 64113
73056 64269
73060 63879
73064 63918
73068 64735
73072 64261
73076 64123
73080 64975
73084 63951
73088 64166
73092 63957
73096 64133
73100 63655
73104 64101
73108 63702
73112 63996
73116 64481
73120 64389
73124 63563
73128 64639
73132 64008
73136 64045
73140 63959
73144 64550
73148 63853
73152 63701
73156 64267
73160 64267
73164 64159
73168 64751
73172 64402
73176 64975
73180 64722
73184 65045
73188 64275
73192 65024
73196 64583
73200 65003
73204 64583
73208 64893
73212 64583
73216 64871
73220 65588
73224 65960
73228 66132
73232 64642
73236 64956
73240 65026
73244 64784
73248 64854
73252 64344
73256 64344
73260 64344
73264 64344
73268 64344
73272 64344
73276 64344
73280 65957
73284 65589
73288 65633
73292 65667
73296 65817
73300 65465
73304 65545
73308 65199
73312 65166
73316 65387
73320 65216
73324 65452
73328 66576
73332 64852
73336 65888
73340 64745
73344 64907
73348 66422
73352 66016
73356 65702
73360 65874
73364 65788
73368 66170
73372 66075
73376 66158
73380 65190
73384 65924
73388 66141
73392 66061
73396 66367
73400 65190
73404 65785
73408 66142
73412 64674
73416 65376
73420 65833
73424 66006
73428 66903
73432 65562
73436 66457
73440 66584
73444 65659
73448 65885
73452 66333
73456 66644
73460 66529
73464 66381
73468 66181
73472 66513
73476 68027
73480 67171
73484 66595
73488 66857
73492 67478
73496 67336
73500 67435
73504 67293
73508 67392
73512 67121
73516 67207
73520 67065
73524 67548
73528 67035
73532 67602
73536 66956
73540 66889
73544 66358
73548 66413
73552 66364
73556 67509
73560 66284
73564 66998
73568 67662
73572 67179
73576 66569
73580 67091
73584 66952
73588 67091
73592 66902
73596 66376
73600 66299
73604 66844
73608 66930
73612 66975
73616 67226
73620 67813
73624 67437
73628 67262
73632 67265
73636 67167
73640 67081
73644 67094
73648 67803
73652 67959
73656 66987
73660 67312
73664 67310
73668 66598
73672 67065
73676 66936
73680 67046
73684 67088
73688 66760
73692 66902
73696 66811
73700 67104
73704 66684
73708 66598
73712 67624
73716 67736
73720 67773
73724 67830
73728 67744
73732 67649
73736 67178
73740 68324
73744 68238
73748 68361
73752 68275
73756 68318
73760 68232
73764 68146
73768 68047
73772 67894
73776 68878
73780 67539
73784 67537
73788 67561
73792 67572
73796 67583
73800 66527
73804 66416
73808 68127
73812 67770
73816 66850
73820 66764
73824 67215
73828 66789
73832 66789
73836 66789
73840 66789
73844 66789
73848 66789
73852 66789
73856 66789
73860 66789
73864 67125
73868 67970
73872 68029
73876 67344
73880 66336
73884 67344
73888 68483
73892 67970
73896 67110
73900 67098
73904 66615
73908 67970
73912 67122
73916 66600
73920 67970
73924 67064
73928 66475
73932 67473
73936 66682
73940 68360
73944 68022
73948 67341
73952 67053
73956 67672
73960 66518
73964 67573
73968 67098
73972 67548
73976 67028
73980 67593
73984 67763
73988 66669
73992 67446
73996 67051
74000 66980
74004 66953
74008 66719
74012 67098
74016 66923
74020 66406
74024 66464
74028 67224
74032 67311
74036 67568
74040 66628
74044 67087
74048 65933
74052 66839
74056 66277
74060 66945
74064 65877
74068 65791
74072 65834
74076 65748
74080 66271
74084 66591
74088 66505
74092 66496
74096 65816
74100 67057
74104 67126
74108 67566
74112 67115
74116 67537
74120 66924
74124 67475
74128 66795
74132 67972
74136 67578
74140 67264
74144 66387
74148 67972
74152 67170
74156 66715
74160 67972
74164 67134
74168 66798
74172 67398
74176 66797
74180 66679
74184 66979
74188 67953
74192 67950
74196 66602
74200 66536
74204 67827
74208 66492
74212 66967
74216 66331
74220 66066
74224 67101
74228 66389
74232 66846
74236 67433
74240 67618
74244 66854
74248 67238
74252 66425
74256 67802
74260 67204
74264 67634
74268 67043
74272 67685
74276 67410
74280 66645
74284 67245
74288 67133
74292 67417
74296 67459
74300 66932
74304 67113
74308 67605
74312 65761
74316 67401
74320 67048
74324 67160
74328 67055
74332 66888
74336 66654
74340 67023
74344 67030
74348 68373
74352 66827
74356 67108
74360 66333
74364 66991
74368 65967
74372 67142
74376 66637
74380 66767
74384 65759
74388 66153
74392 65716
74396 66007
74400 65673
74404 67403
74408 66285
74412 67231
74416 66113
74420 67731
74424 66198
74428 66371
74432 67602
74436 66328
74440 66500
74444 67318
74448 67432
74452 67835
74456 66722
74460 67310
74464 67344
74468 67317
74472 67101
74476 67144
74480 67058
74484 66972
74488 67015
74492 66929
74496 67043
74500 67590
74504 67713
74508 66857
74512 66755
74516 66826
74520 66496
74524 67274
74528 66871
74532 67044
74536 67307
74540 67777
74544 65970
74548 66191
74552 66449
74556 67121
74560 68080
74564 66123
74568 67207
74572 67842
74576 67609
74580 67892
74584 67563
74588 67661
74592 67347
74596 67245
74600 67427
74604 67351
74608 67265
74612 67463
74616 67377
74620 67291
74624 67205
74628 67119
74632 67371
74636 67570
74640 67086
74644 67000
74648 67293
74652 67022
74656 67614
74660 66832
74664 67536
74668 66845
74672 67153
74676 67921
74680 67835
74684 66831
74688 67230
74692 67729
74696 66873
74700 67002
74704 66903
74708 66959
74712 66873
74716 66912
74720 65683
74724 66047
74728 68813
74732 65683
74736 65597
74740 65511
74744 65425
74748 66510
74752 67069
74756 66854
74760 66768
74764 66612
74768 66239
74772 67325
74776 67138
74780 66560
74784 67039
74788 66953
74792 67150
74796 67297
74800 67211
74804 67125
74808 67322
74812 67340
74816 67383
74820 67297
74824 67198
74828 67013
74832 66965
74836 66879
74840 66897
74844 66811
74848 66725
74852 66768
74856 67448
74860 67362
74864 66699
74868 66661
74872 66361
74876 66489
74880 66403
74884 66229
74888 66294
74892 66851
74896 66881
74900 66432
74904 66481
74908 66747
74912 67282
74916 67382
74920 67000
74924 66819
74928 68082
74932 67554
74936 66558
74940 67595
74944 67111
74948 67025
74952 66939
74956 66968
74960 66985
74964 66899
74968 66954
74972 67126
74976 66775
74980 67340
74984 67125
74988 67218
74992 67211
74996 67383
75000 67503
75004 66824
75008 68167
75012 66910
75016 67546
75020 66549
75024 66156
75028 67550
75032 66242
75036 66414
75040 67795
75044 65855
75048 65769
75052 65812
75056 65855
75060 65769
75064 66683
75068 67972
75072 67761
75076 66916
75080 68160
75084 67627
75088 67249
75092 68061
75096 66482
75100 67830
75104 68131
75108 67787
75112 67701
75116 67697
75120 67550
75124 67701
75128 67828
75132 67211
75136 67477
75140 67744
75144 66963
75148 67120
75152 67341
75156 67793
75160 68131
75164 67493
75168 67205
75172 67086
75176 66729
75180 65951
75184 66811
75188 67471
75192 67714
75196 68208
75200 68012
75204 66545
75208 67333
75212 67505
75216 66414
75220 67916
75224 68759
75228 68098
75232 67526
75236 68700
75240 67244
75244 66942
75248 69249
75252 66875
75256 67113
75260 67620
75264 66875
75268 67065
75272 67411
75276 67930
75280 67301
75284 69090
75288 67598
75292 68346
75296 67975
75300 67158
75304 67557
75308 67075
75312 67518
75316 66609
75320 67720
75324 66824
75328 67700
75332 67165
75336 68026
75340 67618
75344 67732
75348 66338
75352 67569
75356 66295
75360 67526
75364 66632
75368 67150
75372 66080
75376 68748
75380 67315
75384 68713
75388 69308
75392 67315
75396 68713
75400 67743
75404 67412
75408 68026
75412 67853
75416 68209
75420 67196
75424 68424
75428 67282
75432 67443
75436 68045
75440 67763
75444 67301
75448 67967
75452 68184
75456 67221
75460 68257
75464 66592
75468 68958
75472 66836
75476 68364
75480 67309
75484 67267
75488 68364
75492 67226
75496 67840
75500 66522
75504 68418
75508 67608
75512 67539
75516 67229
75520 69049
75524 68622
75528 66124
75532 66918
75536 68034
75540 68366
75544 69097
75548 66295
75552 67753
75556 68329
75560 66854
75564 66768
75568 66806
75572 66849
75576 66763
75580 67675
75584 67683
75588 67597
75592 67025
75596 68221
75600 68135
75604 67452
75608 67624
75612 67796
75616 67323
75620 67624
75624 67832
75628 66936
75632 67410
75636 66271
75640 66678
75644 67281
75648 66013
75652 67235
75656 66979
75660 67267
75664 67255
75668 67182
75672 67096
75676 66882
75680 68796
75684 66395
75688 68027
75692 67406
75696 68217
75700 67324
75704 67367
75708 67281
75712 67571
75716 67148
75720 68653
75724 69153
75728 68576
75732 67514
75736 67812
75740 68523
75744 68478
75748 67683
75752 67162
75756 68058
75760 67782
75764 67677
75768 67708
75772 68665
75776 68371
75780 68868
75784 67074
75788 66814
75792 68748
75796 66771
75800 67754
75804 69214
75808 66642
75812 67883
75816 68348
75820 67808
75824 68348
75828 67906
75832 68348
75836 67863
75840 68348
75844 68753
75848 67570
75852 68339
75856 69532
75860 67241
75864 67068
75868 66940
75872 66854
75876 66897
75880 66811
75884 66596
75888 68759
75892 68332
75896 67465
75900 67262
75904 67262
75908 67262
75912 67753
75916 68021
75920 67403
75924 67849
75928 68021
75932 67676
75936 67720
75940 67504
75944 68193
75948 67848
75952 68021
75956 68221
75960 68100
75964 67641
75968 68056
75972 68109
75976 67811
75980 68535
75984 68433
75988 68331
75992 68229
75996 68127
76000 68083
76004 67852
76008 68882
76012 69029
76016 67941
76020 69341
76024 67871
76028 69157
76032 68648
76036 68100
76040 69684
76044 67469
76048 68177
76052 69456
76056 68430
76060 68519
76064 69218
76068 68221
76072 68473
76076 68211
76080 68877
76084 67992
76088 68440
76092 67991
76096 68877
76100 67584
76104 67694
76108 68877
76112 67265
76116 67974
76120 68353
76124 69199
76128 67537
76132 67814
76136 67681
76140 67495
76144 68353
76148 69199
76152 67237
76156 68353
76160 69199
76164 67229
76168 69137
76172 68250
76176 68286
76180 69276
76184 69137
76188 68680
76192 68435
76196 68992
76200 68509
76204 69553
76208 67972
76212 68521
76216 68058
76220 69137
76224 68386
76228 69137
76232 68815
76236 67651
76240 68063
76244 66750
76248 68407
76252 68451
76256 67516
76260 67246
76264 67160
76268 67505
76272 67419
76276 67205
76280 67119
76284 66988
76288 67563
76292 68371
76296 67947
76300 69810
76304 68893
76308 68131
76312 68832
76316 67403
76320 68371
76324 68951
76328 66839
76332 67519
76336 68371
76340 69048
76344 68874
76348 67701
76352 69304
76356 68019
76360 67868
76364 68335
76368 69402
76372 68691
76376 68219
76380 69402
76384 68506
76388 68080
76392 69583
76396 67908
76400 69411
76404 68123
76408 67261
76412 67657
76416 69190
76420 68473
76424 69914
76428 67881
76432 67819
76436 67726
76440 67640
76444 67554
76448 67468
76452 68154
76456 68115
76460 67698
76464 68495
76468 67912
76472 67860
76476 68237
76480 66930
76484 69020
76488 67873
76492 67763
76496 68747
76500 69135
76504 67026
76508 67127
76512 69079
76516 69531
76520 67832
76524 68631
76528 68497
76532 68874
76536 67939
76540 68507
76544 67404
76548 67017
76552 67220
76556 68121
76560 67974
76564 68387
76568 67686
76572 67533
76576 67689
76580 67587
76584 67475
76588 66803
76592 68459
76596 68608
76600 67752
76604 67761
76608 68502
76612 67703
76616 69184
76620 69215
76624 67632
76628 67933
76632 68758
76636 68672
76640 69008
76644 67332
76648 67590
76652 67546
76656 67589
76660 69311
76664 67911
76668 66815
76672 67245
76676 68238
76680 67135
76684 68001
76688 68114
76692 68741
76696 67918
76700 67832
76704 68179
76708 67718
76712 67679
76716 67616
76720 67401
76724 67444
76728 67323
76732 67625
76736 67539
76740 67582
76744 67620
76748 67851
76752 67811
76756 67902
76760 68490
76764 67824
76768 67655
76772 67698
76776 67765
76780 68041
76784 68504
76788 68383
76792 68520
76796 67802
76800 68348
76804 67762
76808 68028
76812 67620
76816 68050
76820 67964
76824 68007
76828 68050
76832 67964
76836 68007
76840 68036
76844 67950
76848 67802
76852 68336
76856 68379
76860 68293
76864 68344
76868 68387
76872 68180
76876 67601
76880 68088
76884 67561
76888 69035
76892 67150
76896 67830
76900 67731
76904 67787
76908 67830
76912 67731
76916 67787
76920 67830
76924 67731
76928 67787
76932 67166
76936 67646
76940 67848
76944 67125
76948 68073
76952 68374
76956 67581
76960 67681
76964 67595
76968 67509
76972 67823
76976 67964
76980 67934
76984 67686
76988 67762
76992 67514
76996 67848
77000 67122
77004 69264
77008 67683
77012 66985
77016 66770
77020 66813
77024 68156
77028 68127
77032 68041
77036 67955
77040 67634
77044 67712
77048 67626
77052 68103
77056 68146
77060 68060
77064 67841
77068 68201
77072 67824
77076 67607
77080 67908
77084 68163
77088 67714
77092 68436
77096 67775
77100 67507
77104 68426
77108 67778
77112 67301
77116 68670
77120 67680
77124 67078
77128 67431
77132 68015
77136 68844
77140 67929
77144 67972
77148 68015
77152 67929
77156 67972
77160 68015
77164 67929
77168 68178
77172 68160
77176 69294
77180 68022
77184 67946
77188 67860
77192 67998
77196 69316
77200 67827
77204 68141
77208 68822
77212 67963
77216 66333
77220 69175
77224 67357
77228 67970
77232 67970
77236 67970
77240 67970
77244 67970
77248 67970
77252 67970
77256 67846
77260 68245
77264 67274
77268 67815
77272 67570
77276 68159
77280 68955
77284 68998
77288 68783
77292 68826
77296 68869
77300 68783
77304 68697
77308 68611
77312 68648
77316 68562
77320 68839
77324 67808
77328 67532
77332 68811
77336 67938
77340 68259
77344 68904
77348 67681
77352 68973
77356 68775
77360 68549
77364 68697
77368 68611
77372 69229
77376 68240
77380 69215
77384 67859
77388 68176
77392 68244
77396 69163
77400 67278
77404 68973
77408 68227
77412 68925
77416 68613
77420 68915
77424 68649
77428 68909
77432 68909
77436 68965
77440 67908
77444 68113
77448 68965
77452 68318
77456 68979
77460 68109
77464 68168
77468 68325
77472 67547
77476 67840
77480 68061
77484 68674
77488 68084
77492 68660
77496 68113
77500 66633
77504 68132
77508 68070
77512 69103
77516 66565
77520 68897
77524 68369
77528 68942
77532 68509
77536 67651
77540 68468
77544 68781
77548 68824
77552 68738
77556 68781
77560 68824
77564 68738
77568 68652
77572 68019
77576 67746
77580 68014
77584 68302
77588 68216
77592 68130
77596 68044
77600 67958
77604 67618
77608 67802
77612 67283
77616 68310
77620 67931
77624 68120
77628 67553
77632 68584
77636 68138
77640 68004
77644 68218
77648 68147
77652 68119
77656 68038
77660 68915
77664 67674
77668 67881
77672 68129
77676 67727
77680 68214
77684 68872
77688 67966
77692 68079
77696 69029
77700 67832
77704 67558
77708 68123
77712 68167
77716 68011
77720 67677
77724 68203
77728 67577
77732 67502
77736 68249
77740 68032
77744 68887
77748 68785
77752 67831
77756 67729
77760 67804
77764 68758
77768 68441
77772 68710
77776 68737
77780 68635
77784 68662
77788 68560
77792 68458
77796 68485
77800 68420
77804 68325
77808 67914
77812 68079
77816 68275
77820 69031
77824 69076
77828 68952
77832 69208
77836 67656
77840 67699
77844 67613
77848 68027
77852 69196
77856 68618
77860 68752
77864 69030
77868 68417
77872 68396
77876 67715
77880 68333
77884 68787
77888 69144
77892 68268
77896 68324
77900 67982
77904 67819
77908 67582
77912 67625
77916 67539
77920 67951
77924 68170
77928 67542
77932 67456
77936 67628
77940 68191
77944 68105
77948 68019
77952 67933
77956 67847
77960 66972
77964 66900
77968 66927
77972 68616
77976 68930
77980 68155
77984 68051
77988 67949
77992 67847
77996 67745
78000 67643
78004 67541
78008 67320
78012 68662
78016 68445
78020 68343
78024 68485
78028 68851
78032 69023
78036 68080
78040 68851
78044 68647
78048 68561
78052 68475
78056 68518
78060 68467
78064 68666
78068 68413
78072 68494
78076 68371
78080 68342
78084 68083
78088 68912
78092 67881
78096 68867
78100 68765
78104 68663
78108 68561
78112 68588
78116 68496
78120 68525
78124 69067
78128 69313
78132 68559
78136 68649
78140 68079
78144 68777
78148 69243
78152 68562
78156 68807
78160 69547
78164 69012
78168 68325
78172 68653
78176 69074
78180 68599
78184 68642
78188 68556
78192 68585
78196 68499
78200 68558
78204 68003
78208 68466
78212 68826
78216 68214
78220 68144
78224 69312
78228 68024
78232 68308
78236 68835
78240 68288
78244 69142
78248 68857
78252 67714
78256 67499
78260 69227
78264 68356
78268 68707
78272 68365
78276 67975
78280 68144
78284 69537
78288 68280
78292 69462
78296 67557
78300 69387
78304 67385
78308 69441
78312 68316
78316 69366
78320 68408
78324 69170
78328 68084
78332 68223
78336 68868
78340 69856
78344 69065
78348 68239
78352 69061
78356 68975
78360 68876
78364 68790
78368 68704
78372 68889
78376 68803
78380 68717
78384 68631
78388 68416
78392 68690
78396 68604
78400 68647
78404 68690
78408 68827
78412 67558
78416 68954
78420 68881
78424 69539
78428 67660
78432 68982
78436 67488
78440 68283
78444 69165
78448 68952
78452 68993
78456 68933
78460 69337
78464 68654
78468 69281
78472 68684
78476 68765
78480 68552
78484 69193
78488 68144
78492 69557
78496 68088
78500 69643
78504 68856
78508 69471
78512 68813
78516 69299
78520 68602
78524 68558
78528 68727
78532 69213
78536 68098
78540 68760
78544 69392
78548 67843
78552 68751
78556 69664
78560 68752
78564 68882
78568 67929
78572 68853
78576 69678
78580 68398
78584 68678
78588 68534
78592 69327
78596 69211
78600 69346
78604 68533
78608 67778
78612 68281
78616 68751
78620 69411
78624 68679
78628 68598
78632 69138
78636 68380
78640 68964
78644 69006
78648 68528
78652 66828
78656 68383
78660 68726
78664 67719
78668 68004
78672 68845
78676 67762
78680 68321
78684 69574
78688 68676
78692 68413
78696 69068
78700 68324
78704 68413
78708 69068
78712 68324
78716 68284
78720 69068
78724 68513
78728 68937
78732 67970
78736 68882
78740 68070
78744 68626
78748 68835
78752 68444
78756 68551
78760 69019
78764 68935
78768 68510
78772 68180
78776 68419
78780 68538
78784 68505
78788 67736
78792 68708
78796 68429
78800 68234
78804 68983
78808 68376
78812 68620
78816 69077
78820 68131
78824 69026
78828 68467
78832 69122
78836 69079
78840 69135
78844 69152
78848 69021
78852 68836
78856 68750
78860 68823
78864 68737
78868 69203
78872 69109
78876 69160
78880 69203
78884 69109
78888 69289
78892 69332
78896 69238
78900 68092
78904 68686
78908 68630
78912 68750
78916 69068
78920 69197
78924 68666
78928 68520
78932 68638
78936 68858
78940 68893
78944 68454
78948 69006
78952 68812
78956 68384
78960 68769
78964 68559
78968 68818
78972 68867
78976 68430
78980 69008
78984 69559
78988 68945
78992 68725
78996 68754
79000 68496
79004 69592
79008 68605
79012 68103
79016 68426
79020 68340
79024 68383
79028 68501
79032 68817
79036 68662
79040 67953
79044 67903
79048 68477
79052 69224
79056 69166
79060 68490
79064 68628
79068 68426
79072 68456
79076 68370
79080 69009
79084 68661
79088 68380
79092 68388
79096 69293
79100 69207
79104 68796
79108 69063
79112 68915
79116 68633
79120 68999
79124 68913
79128 68873
79132 68916
79136 68736
79140 68792
79144 68693
79148 68749
79152 69076
79156 68581
79160 68741
79164 68538
79168 68698
79172 68624
79176 69008
79180 68952
79184 68737
79188 68780
79192 70116
79196 69199
79200 69311
79204 70094
79208 70008
79212 70030
79216 69836
79220 70438
79224 70438
79228 70438
79232 70438
79236 70438
79240 69517
79244 69100
79248 68123
79252 69821
79256 68988
79260 69016
79264 68909
79268 70052
79272 69334
79276 68114
79280 68822
79284 68960
79288 69003
79292 68917
79296 68831
79300 68745
79304 68645
79308 68579
79312 68810
79316 68724
79320 68753
79324 68890
79328 69498
79332 69412
79336 69326
79340 69040
79344 68954
79348 69056
79352 68826
79356 69341
79360 69349
79364 68373
79368 69008
79372 69245
79376 69128
79380 68478
79384 69288
79388 68638
79392 69116
79396 68559
79400 69202
79404 68665
79408 68936
79412 68307
79416 68917
79420 68655
79424 69476
79428 68655
79432 68385
79436 68028
79440 68849
79444 69342
79448 68565
79452 69170
79456 69067
79460 68643
79464 67991
79468 69574
79472 68340
79476 68694
79480 69587
79484 68824
79488 68602
79492 69410
79496 68692
79500 68421
79504 68762
79508 68805
79512 68591
79516 69343
79520 69351
79524 68621
79528 69025
79532 69059
79536 69733
79540 69159
79544 69059
79548 70250
79552 68917
79556 69059
79560 69661
79564 68761
79568 69238
79572 68330
79576 69467
79580 68088
79584 69166
79588 68673
79592 69639
79596 68983
79600 69841
79604 68811
79608 69669
79612 68814
79616 69497
79620 68687
79624 68494
79628 68315
79632 69419
79636 68232
79640 69505
79644 68571
79648 69462
79652 68094
79656 68774
79660 68955
79664 68731
79668 68912
79672 69546
79676 68740
79680 69374
79684 69183
79688 68803
79692 68479
79696 69742
79700 68761
79704 68863
79708 68777
79712 68855
79716 69048
79720 68894
79724 69349
79728 68636
79732 69511
79736 68876
79740 69511
79744 69912
79748 68780
79752 68613
79756 69511
79760 68316
79764 68468
79768 69368
79772 68697
79776 68981
79780 69838
79784 69009
79788 68803
79792 68473
79796 67700
79800 68824
79804 69148
79808 68698
79812 68814
79816 68974
79820 69592
79824 69303
79828 69217
79832 69636
79836 69030
79840 69496
79844 68356
79848 69611
79852 69751
79856 69439
79860 69108
79864 69057
79868 69181
79872 69023
79876 69622
79880 68813
79884 68862
79888 69188
79892 68688
79896 69418
79900 68343
79904 69375
79908 68300
79912 69590
79916 69399
79920 69714
79924 69568
79928 69900
79932 68670
79936 69063
79940 69165
79944 68836
79948 68609
79952 69399
79956 68825
79960 69486
79964 68795
79968 69249
79972 68997
79976 68679
79980 69156
79984 69476
79988 69180
79992 68978
79996 68664
