4000 342069
4004 341932
4008 341932
4012 341932
4016 341932
4020 341932
4024 341932
4028 341932
4032 341932
4036 341932
4040 341932
4044 341932
4048 341932
4052 341932
4056 341932
4060 341908
4064 341908
4068 341908
4072 341908
4076 341908
4080 341908
4084 341980
4088 341980
4092 343084
4096 344236
4100 343180
4104 344308
4108 345412
4112 346516
4116 345484
4120 346612
4124 347716
4128 348844
4132 347812
4136 348940
4140 350044
4144 351172
4148 350140
4152 351268
4156 352300
4160 353380
4164 352372
4168 353452
4172 354556
4176 355660
4180 354652
4184 355756
4188 356860
4192 357964
4196 356956
4200 358060
4204 359164
4208 360172
4212 359068
4216 360028
4220 361060
4224 362140
4228 361132
4232 362212
4236 363292
4240 364372
4244 363388
4248 364468
4252 365548
4256 366628
4260 365644
4264 366724
4268 367708
4272 368668
4276 367612
4280 368692
4284 369724
4288 370804
4292 369820
4296 370900
4300 371956
4304 373036
4308 372052
4312 373132
4316 374188
4320 375220
4324 374140
4328 375100
4332 376036
4336 377116
4340 376108
4344 377188
4348 378220
4352 379300
4356 378316
4360 379396
4364 380428
4368 381508
4372 380524
4376 381508
4380 382420
4384 383380
4388 382300
4392 383356
4396 384364
4400 385420
4404 384436
4408 385516
4412 386524
4416 387604
4420 386620
4424 387700
4428 388660
4432 389620
4436 388540
4440 389500
4444 390388
4448 391324
4452 390244
4456 391228
4460 392092
4464 393052
4468 392044
4472 393100
4476 394060
4480 395116
4484 394156
4488 395212
4492 396196
4496 397252
4500 396292
4504 397300
4508 398164
4512 399100
4516 398044
4520 399004
4524 399868
4528 400852
4532 399916
4536 400924
4540 401908
4544 402940
4548 402004
4552 403036
4556 404020
4560 405004
4564 403972
4568 404908
4572 405772
4576 406684
4580 405652
4584 406588
4588 407500
4592 408508
4596 407572
4600 408580
4604 409564
4608 410572
4612 409660
4616 410668
4620 411532
4624 412420
4628 411412
4632 412324
4636 413188
4640 414076
4644 413068
4648 414004
4652 414988
4656 415948
4660 415060
4664 416044
4668 417028
4672 418012
4676 417028
4680 417916
4684 418780
4688 419644
4692 418660
4696 419548
4700 420412
4704 421276
4708 420292
4712 421156
4716 422020
4720 422884
4724 421924
4728 422788
4732 423652
4736 424516
4740 423556
4744 424420
4748 425356
4752 426316
4756 425428
4760 426388
4764 427348
4768 428260
4772 427300
4776 428164
4780 429004
4784 429868
4788 428908
4792 429772
4796 430612
4800 431476
4804 430516
4808 431380
4812 432292
4816 433252
4820 432364
4824 433324
4828 434212
4832 435076
4836 434116
4840 434980
4844 435796
4848 436660
4852 435700
4856 436564
4860 437380
4864 438244
4868 437284
4872 438148
4876 439036
4880 439996
4884 439108
4888 440044
4892 440836
4896 441700
4900 440740
4904 441604
4908 442396
4912 443260
4916 442300
4920 443164
4924 443956
4928 444820
4932 443860
4936 444724
4940 445588
4944 446548
4948 445636
4952 446500
4956 447268
4960 448132
4964 447076
4968 447940
4972 447268
4976 448132
4980 447172
4984 448036
4988 448804
4992 449668
4996 448708
5000 539549
5004 540540
5008 541548
5012 540444
5016 541428
5020 542388
5024 543372
5028 542268
5032 543252
5036 544212
5040 545196
5044 544092
5048 545076
5052 546036
5056 546996
5060 545916
5064 546876
5068 547860
5072 548820
5076 547740
5080 548700
5084 549684
5088 550644
5092 549564
5096 550524
5100 551508
5104 552468
5108 551292
5112 552252
5116 552372
5120 552468
5124 552156
5128 552252
5132 552372
5136 552468
5140 552156
5144 552252
5148 552372
5152 552468
5156 552156
5160 552252
5164 552372
5168 552468
5172 552156
5176 552252
5180 552372
5184 552468
5188 552156
5192 552252
5196 552372
5200 552468
5204 552156
5208 552252
5212 552372
5216 552468
5220 552156
5224 552252
5228 552372
5232 552468
5236 552156
5240 552252
5244 552372
5248 552468
5252 552156
5256 552252
5260 552372
5264 552468
5268 552156
5272 552252
5276 552372
5280 552468
5284 552156
5288 552252
5292 552372
5296 552468
5300 552156
5304 552252
5308 552372
5312 552468
5316 552156
5320 552252
5324 552372
5328 552468
5332 552156
5336 552252
5340 552348
5344 552444
5348 552132
5352 552252
5356 552348
5360 552444
5364 552132
5368 552252
5372 552348
5376 552444
5380 552132
5384 552252
5388 552348
5392 552444
5396 552132
5400 552252
5404 552348
5408 552444
5412 552132
5416 552252
5420 552348
5424 552444
5428 552132
5432 552252
5436 552348
5440 552444
5444 552132
5448 552252
5452 552348
5456 552444
5460 552132
5464 552252
5468 552348
5472 552444
5476 552132
5480 552252
5484 552348
5488 552444
5492 552132
5496 552252
5500 552348
5504 552444
5508 552132
5512 552252
5516 552348
5520 552444
5524 552132
5528 552252
5532 552348
5536 552444
5540 552132
5544 552252
5548 552348
5552 552444
5556 552132
5560 552252
5564 552348
5568 552444
5572 552132
5576 552252
5580 552348
5584 552444
5588 552132
5592 552252
5596 552348
5600 552444
5604 552132
5608 552252
5612 552348
5616 552444
5620 552132
5624 552252
5628 552348
5632 552444
5636 552132
5640 552252
5644 552348
5648 552420
5652 552132
5656 552228
5660 552324
5664 552420
5668 552132
5672 552228
5676 552324
5680 552420
5684 552132
5688 552228
5692 552324
5696 552420
5700 552132
5704 552228
5708 552324
5712 552420
5716 552132
5720 552228
5724 552324
5728 552420
5732 552132
5736 552228
5740 552324
5744 552420
5748 552132
5752 552228
5756 552324
5760 552420
5764 552132
5768 552228
5772 552324
5776 552420
5780 552132
5784 552228
5788 552324
5792 552420
5796 552132
5800 552228
5804 552324
5808 552420
5812 552132
5816 552228
5820 552324
5824 552420
5828 552132
5832 552228
5836 552324
5840 552420
5844 552132
5848 552228
5852 552324
5856 552420
5860 552132
5864 552228
5868 552324
5872 552420
5876 552132
5880 552228
5884 552324
5888 552420
5892 552132
5896 552228
5900 552324
5904 552420
5908 552132
5912 552228
5916 552324
5920 552420
5924 552132
5928 552228
5932 552324
5936 552420
5940 552132
5944 552228
5948 552324
5952 552420
5956 552132
5960 552228
5964 552324
5968 552420
5972 552132
5976 552228
5980 552324
5984 552420
5988 552132
5992 552228
5996 552324
