16000 16217
16004 15580
16008 15580
16012 15580
16016 15580
16020 15580
16024 15580
16028 15580
16032 15580
16036 15580
16040 15580
16044 15580
16048 15580
16052 15580
16056 15580
16060 15580
16064 15580
16068 15580
16072 15580
16076 15580
16080 15580
16084 15580
16088 15580
16092 15580
16096 15580
16100 15580
16104 15580
16108 15580
16112 15580
16116 15580
16120 15580
16124 15580
16128 15580
16132 15580
16136 15580
16140 15580
16144 15580
16148 15580
16152 15580
16156 15580
16160 15580
16164 15580
16168 15580
16172 15580
16176 15580
16180 15580
16184 15580
16188 15580
16192 15580
16196 15580
16200 15580
16204 15580
16208 15580
16212 15580
16216 15580
16220 15580
16224 15580
16228 15580
16232 15580
16236 15580
16240 15580
16244 15580
16248 15580
16252 15580
16256 15580
16260 15580
16264 15580
16268 15580
16272 15580
16276 15580
16280 15580
16284 15580
16288 15580
16292 15580
16296 15580
16300 15580
16304 15580
16308 15580
16312 15580
16316 15580
16320 15580
16324 15580
16328 15580
16332 15676
16336 15676
16340 15676
16344 15676
16348 15676
16352 15676
16356 15676
16360 15676
16364 15676
16368 15676
16372 15676
16376 15676
16380 15676
16384 15676
16388 15796
16392 15796
16396 15892
16400 15892
16404 15892
16408 15892
16412 15892
16416 15892
16420 15892
16424 15892
16428 15892
16432 15892
16436 15892
16440 15892
16444 15892
16448 15892
16452 16012
16456 16012
16460 16108
16464 16108
16468 16108
16472 16108
16476 16108
16480 16108
16484 16108
16488 16108
16492 16108
16496 16108
16500 16108
16504 16108
16508 16108
16512 16108
16516 16228
16520 16228
16524 16324
16528 16324
16532 16324
16536 16324
16540 16324
16544 16324
16548 16324
16552 16324
16556 16324
16560 16324
16564 16324
16568 16324
16572 16324
16576 16324
16580 16444
16584 16444
16588 16540
16592 16540
16596 16540
16600 16540
16604 16540
16608 16540
16612 16540
16616 16540
16620 16540
16624 16540
16628 16540
16632 16540
16636 16540
16640 16540
16644 16660
16648 16660
16652 16756
16656 16756
16660 16756
16664 16756
16668 16756
16672 16756
16676 16756
16680 16756
16684 16756
16688 16756
16692 16756
16696 16756
16700 16756
16704 16756
16708 16876
16712 16876
16716 16972
16720 16972
16724 16972
16728 16972
16732 16972
16736 16972
16740 16972
16744 16972
16748 16972
16752 16972
16756 16972
16760 16972
16764 16972
16768 16972
16772 17092
16776 17092
16780 17188
16784 17188
16788 17188
16792 17188
16796 17188
16800 17188
16804 17188
16808 17188
16812 17188
16816 17188
16820 17188
16824 17188
16828 17188
16832 17188
16836 17308
16840 17308
16844 17404
16848 17404
16852 17404
16856 17404
16860 17404
16864 17404
16868 17404
16872 17404
16876 17404
16880 17404
16884 17404
16888 17404
16892 17404
16896 17404
16900 17500
16904 17500
16908 17596
16912 17596
16916 17596
16920 17596
16924 17596
16928 17596
16932 17596
16936 17596
16940 17596
16944 17596
16948 17596
16952 17596
16956 17596
16960 17596
16964 17716
16968 17716
16972 17812
16976 17812
16980 17812
16984 17812
16988 17812
16992 17812
16996 17812
17000 17812
17004 17812
17008 17812
17012 17812
17016 17812
17020 17812
17024 17812
17028 17932
17032 17932
17036 18028
17040 18028
17044 18028
17048 18028
17052 18028
17056 18028
17060 18028
17064 18028
17068 18028
17072 18028
17076 18028
17080 18028
17084 18028
17088 18028
17092 18148
17096 18148
17100 18244
17104 18244
17108 18244
17112 18244
17116 18244
17120 18244
17124 18244
17128 18244
17132 18244
17136 18244
17140 18244
17144 18244
17148 18244
17152 18244
17156 18364
17160 18364
17164 18460
17168 18460
17172 18460
17176 18460
17180 18460
17184 18460
17188 18460
17192 18460
17196 18460
17200 18460
17204 18460
17208 18460
17212 18460
17216 18460
17220 18580
17224 18580
17228 18676
17232 18676
17236 18676
17240 18676
17244 18676
17248 18676
17252 18676
17256 18676
17260 18676
17264 18676
17268 18676
17272 18676
17276 18676
17280 18676
17284 18796
17288 18796
17292 18892
17296 18892
17300 18892
17304 18892
17308 18892
17312 18892
17316 18892
17320 18892
17324 18892
17328 18892
17332 18892
17336 18892
17340 18892
17344 18892
17348 19012
17352 19012
17356 19108
17360 19108
17364 19108
17368 19108
17372 19108
17376 19108
17380 19108
17384 19108
17388 19108
17392 19108
17396 19108
17400 19108
17404 19108
17408 19108
17412 19228
17416 19228
17420 19324
17424 19324
17428 19324
17432 19324
17436 19324
17440 19324
17444 19324
17448 19324
17452 19324
17456 19324
17460 19324
17464 19324
17468 19324
17472 19324
17476 19444
17480 19444
17484 19540
17488 19540
17492 19540
17496 19540
17500 19540
17504 19540
17508 19540
17512 19540
17516 19540
17520 19540
17524 19540
17528 19540
17532 19540
17536 19540
17540 19660
17544 19660
17548 19756
17552 19756
17556 19756
17560 19756
17564 19756
17568 19756
17572 19756
17576 19756
17580 19756
17584 19756
17588 19756
17592 19756
17596 19756
17600 19756
17604 19876
17608 19876
17612 19972
17616 19972
17620 19972
17624 19972
17628 19972
17632 19972
17636 19972
17640 19972
17644 19972
17648 19972
17652 19972
17656 19972
17660 19972
17664 19972
17668 20092
17672 20092
17676 20188
17680 20188
17684 20188
17688 20188
17692 20188
17696 20188
17700 20188
17704 20188
17708 20188
17712 20188
17716 20188
17720 20188
17724 20188
17728 20188
17732 20308
17736 20308
17740 20404
17744 20404
17748 20404
17752 20404
17756 20404
17760 20404
17764 20404
17768 20404
17772 20404
17776 20404
17780 20404
17784 20404
17788 20404
17792 20404
17796 20524
17800 20524
17804 20620
17808 20620
17812 20620
17816 20620
17820 20620
17824 20620
17828 20620
17832 20620
17836 20620
17840 20620
17844 20620
17848 20620
17852 20620
17856 20620
17860 20740
17864 20740
17868 20836
17872 20836
17876 20836
17880 20836
17884 20836
17888 20836
17892 20836
17896 20836
17900 20836
17904 20836
17908 20836
17912 20836
17916 20836
17920 20836
17924 20956
17928 20956
17932 21052
17936 21052
17940 21052
17944 21052
17948 21052
17952 21052
17956 21052
17960 21052
17964 21052
17968 21052
17972 21052
17976 21052
17980 21052
17984 21052
17988 21172
17992 21172
17996 21268
18000 21268
18004 21268
18008 21268
18012 21268
18016 21268
18020 21268
18024 21268
18028 21268
18032 21268
18036 21268
18040 21268
18044 21268
18048 21268
18052 21388
18056 21388
18060 21484
18064 21484
18068 21484
18072 21484
18076 21484
18080 21484
18084 21484
18088 21484
18092 21484
18096 21484
18100 21484
18104 21484
18108 21484
18112 21484
18116 21604
18120 21604
18124 21700
18128 21700
18132 21700
18136 21700
18140 21700
18144 21700
18148 21700
18152 21700
18156 21700
18160 21700
18164 21700
18168 21700
18172 21700
18176 21700
18180 21820
18184 21820
18188 21916
18192 21916
18196 21916
18200 21916
18204 21916
18208 21916
18212 21916
18216 21916
18220 21916
18224 21916
18228 21916
18232 21916
18236 21916
18240 21916
18244 22036
18248 22036
18252 22132
18256 22132
18260 22132
18264 22132
18268 22132
18272 22132
18276 22132
18280 22132
18284 22132
18288 22132
18292 22132
18296 22132
18300 22132
18304 22132
18308 22252
18312 22252
18316 22348
18320 22348
18324 22348
18328 22348
18332 22348
18336 22348
18340 22348
18344 22348
18348 22348
18352 22348
18356 22348
18360 22348
18364 22348
18368 22348
18372 22468
18376 22468
18380 22564
18384 22564
18388 22564
18392 22564
18396 22564
18400 22564
18404 22564
18408 22564
18412 22564
18416 22564
18420 22564
18424 22564
18428 22564
18432 22564
18436 22636
18440 22636
18444 22732
18448 22732
18452 22732
18456 22732
18460 22732
18464 22732
18468 22732
18472 22732
18476 22732
18480 22732
18484 22732
18488 22732
18492 22732
18496 22732
18500 22804
18504 22804
18508 22900
18512 22900
18516 22900
18520 22900
18524 22900
18528 22900
18532 22900
18536 22900
18540 22900
18544 22900
18548 22900
18552 22900
18556 22900
18560 22900
18564 22972
18568 22972
18572 23068
18576 23068
18580 23068
18584 23068
18588 23068
18592 23068
18596 23068
18600 23068
18604 23068
18608 23068
18612 23068
18616 23068
18620 23068
18624 23068
18628 23140
18632 23140
18636 23236
18640 23236
18644 23236
18648 23236
18652 23236
18656 23236
18660 23236
18664 23236
18668 23236
18672 23236
18676 23236
18680 23236
18684 23236
18688 23236
18692 23308
18696 23308
18700 23404
18704 23404
18708 23404
18712 23404
18716 23404
18720 23404
18724 23404
18728 23404
18732 23404
18736 23404
18740 23404
18744 23404
18748 23404
18752 23404
18756 23476
18760 23476
18764 23572
18768 23572
18772 23572
18776 23572
18780 23572
18784 23572
18788 23572
18792 23572
18796 23572
18800 23572
18804 23572
18808 23572
18812 23572
18816 23572
18820 23644
18824 23644
18828 23740
18832 23740
18836 23740
18840 23740
18844 23740
18848 23740
18852 23740
18856 23740
18860 23740
18864 23740
18868 23740
18872 23740
18876 23740
18880 23740
18884 23812
18888 23812
18892 23908
18896 23908
18900 23908
18904 23908
18908 23908
18912 23908
18916 23908
18920 23908
18924 23908
18928 23908
18932 23908
18936 23908
18940 23908
18944 23908
18948 23980
18952 23980
18956 24076
18960 24076
18964 24076
18968 24076
18972 24076
18976 24076
18980 24076
18984 24076
18988 24076
18992 24076
18996 24076
19000 24076
19004 24076
19008 24076
19012 24148
19016 24148
19020 24244
19024 24244
19028 24244
19032 24244
19036 24244
19040 24244
19044 24244
19048 24244
19052 24244
19056 24244
19060 24244
19064 24244
19068 24244
19072 24244
19076 24316
19080 24316
19084 24412
19088 24412
19092 24412
19096 24412
19100 24412
19104 24412
19108 24412
19112 24412
19116 24412
19120 24412
19124 24412
19128 24412
19132 24412
19136 24412
19140 24484
19144 24484
19148 24580
19152 24580
19156 24580
19160 24580
19164 24580
19168 24580
19172 24580
19176 24580
19180 24580
19184 24580
19188 24580
19192 24580
19196 24580
19200 24580
19204 24652
19208 24652
19212 24748
19216 24748
19220 24748
19224 24748
19228 24748
19232 24748
19236 24748
19240 24748
19244 24748
19248 24748
19252 24748
19256 24748
19260 24748
19264 24748
19268 24820
19272 24820
19276 24916
19280 24916
19284 24916
19288 24916
19292 24916
19296 24916
19300 24916
19304 24916
19308 24916
19312 24916
19316 24916
19320 24916
19324 24916
19328 24916
19332 24988
19336 24988
19340 25084
19344 25084
19348 25084
19352 25084
19356 25084
19360 25084
19364 25084
19368 25084
19372 25084
19376 25084
19380 25084
19384 25084
19388 25084
19392 25084
19396 25156
19400 25156
19404 25252
19408 25252
19412 25252
19416 25252
19420 25252
19424 25252
19428 25252
19432 25252
19436 25252
19440 25252
19444 25252
19448 25252
19452 25252
19456 25252
19460 25324
19464 25324
19468 25420
19472 25420
19476 25420
19480 25420
19484 25420
19488 25420
19492 25420
19496 25420
19500 25420
19504 25420
19508 25420
19512 25420
19516 25420
19520 25420
19524 25492
19528 25492
19532 25588
19536 25588
19540 25588
19544 25588
19548 25588
19552 25588
19556 25588
19560 25588
19564 25588
19568 25588
19572 25588
19576 25588
19580 25588
19584 25588
19588 25660
19592 25660
19596 25756
19600 25756
19604 25756
19608 25756
19612 25756
19616 25756
19620 25756
19624 25756
19628 25756
19632 25756
19636 25756
19640 25756
19644 25756
19648 25756
19652 25828
19656 25828
19660 25924
19664 25924
19668 25924
19672 25924
19676 25924
19680 25924
19684 25924
19688 25924
19692 25924
19696 25924
19700 25924
19704 25924
19708 25924
19712 25924
19716 25996
19720 25996
19724 26092
19728 26092
19732 26092
19736 26092
19740 26092
19744 26092
19748 26092
19752 26092
19756 26092
19760 26092
19764 26092
19768 26092
19772 26092
19776 26092
19780 26164
19784 26164
19788 26260
19792 26260
19796 26260
19800 26260
19804 26260
19808 26260
19812 26260
19816 26260
19820 26260
19824 26260
19828 26260
19832 26260
19836 26260
19840 26260
19844 26332
19848 26332
19852 26332
19856 26332
19860 26332
19864 26332
19868 26332
19872 26332
19876 26332
19880 26332
19884 26332
19888 26332
19892 26332
19896 26332
19900 26332
19904 26332
19908 26332
19912 26332
19916 26428
19920 26428
19924 26428
19928 26428
19932 26428
19936 26428
19940 26428
19944 26428
19948 26428
19952 26428
19956 26428
19960 26428
19964 26428
19968 26428
19972 26500
19976 26500
19980 26596
19984 26596
19988 26596
19992 26596
19996 26596
20000 26596
20004 26596
20008 26596
20012 26596
20016 26596
20020 26596
20024 26596
20028 26596
20032 26596
20036 26668
20040 26668
20044 26764
20048 26764
20052 26764
20056 26764
20060 26764
20064 26764
20068 26764
20072 26764
20076 26764
20080 26764
20084 26764
20088 26764
20092 26764
20096 26764
20100 26836
20104 26836
20108 26932
20112 26932
20116 26932
20120 26932
20124 26932
20128 26932
20132 26932
20136 26932
20140 26932
20144 26932
20148 26932
20152 26932
20156 26932
20160 26932
20164 27004
20168 27004
20172 27100
20176 27100
20180 27100
20184 27100
20188 27100
20192 27100
20196 27100
20200 27100
20204 27100
20208 27100
20212 27100
20216 27100
20220 27100
20224 27100
20228 27172
20232 27172
20236 27268
20240 27268
20244 27268
20248 27268
20252 27268
20256 27268
20260 27268
20264 27268
20268 27268
20272 27268
20276 27268
20280 27268
20284 27268
20288 27268
20292 27340
20296 27340
20300 27436
20304 27436
20308 27436
20312 27436
20316 27436
20320 27436
20324 27436
20328 27436
20332 27436
20336 27436
20340 27436
20344 27436
20348 27436
20352 27436
20356 27508
20360 27508
20364 27604
20368 27604
20372 27604
20376 27604
20380 27604
20384 27604
20388 27604
20392 27604
20396 27604
20400 27604
20404 27604
20408 27604
20412 27604
20416 27604
20420 27676
20424 27676
20428 27676
20432 27676
20436 27676
20440 27676
20444 27676
20448 27676
20452 27676
20456 27676
20460 27676
20464 27676
20468 27676
20472 27676
20476 27676
20480 27676
20484 27676
20488 27676
20492 27676
20496 27676
20500 27676
20504 27676
20508 27676
20512 27676
20516 27676
20520 27676
20524 27676
20528 27676
20532 27676
20536 27676
20540 27676
20544 27676
20548 27676
20552 27676
20556 27676
20560 27676
20564 27676
20568 27676
20572 27676
20576 27676
20580 27676
20584 27676
20588 27676
20592 27676
20596 27676
20600 27676
20604 27676
20608 27676
20612 27676
20616 27676
20620 27676
20624 27676
20628 27676
20632 27676
20636 27676
20640 27676
20644 27676
20648 27676
20652 27676
20656 27676
20660 27676
20664 27676
20668 27676
20672 27676
20676 27676
20680 27676
20684 27676
20688 27676
20692 27676
20696 27676
20700 27676
20704 27676
20708 27676
20712 27676
20716 27676
20720 27676
20724 27676
20728 27676
20732 27676
20736 27676
20740 27676
20744 27676
20748 27676
20752 27676
20756 27676
20760 27676
20764 27676
20768 27676
20772 27676
20776 27676
20780 27676
20784 27676
20788 27676
20792 27676
20796 27676
