96 16025
100 15388
104 15388
108 15388
112 15388
116 15388
120 15388
124 15388
128 15388
132 15388
136 15388
140 15388
144 15388
148 15388
152 15388
156 15388
160 15388
164 15388
168 15388
172 15388
176 15388
180 15388
184 15388
188 15388
192 15388
196 15388
200 15388
204 15388
208 15388
212 15388
216 15388
220 15388
224 15388
228 15388
232 15388
236 15388
240 15388
244 15388
248 15388
252 15388
256 15388
260 15388
264 15388
268 15388
272 15388
276 15388
280 15388
284 15388
288 15388
292 15388
296 15388
300 15388
304 15388
308 15388
312 15388
316 15388
320 15388
324 15388
328 15388
332 15388
336 15388
340 15388
344 15388
348 15388
352 15388
356 15388
360 15388
364 15388
368 15388
372 15388
376 15388
380 15388
384 15388
388 15388
392 15388
396 15388
400 15388
404 15388
408 15388
412 15388
416 15388
420 15388
424 15388
428 15388
432 15388
436 15388
440 15388
444 15388
448 15388
452 15388
456 15388
460 15388
464 15388
468 15388
472 15388
476 15388
480 15388
484 15388
488 15388
492 15388
496 15388
500 15388
504 15388
508 15388
512 15388
516 15388
520 15388
524 15388
528 15388
532 15388
536 15388
540 15388
544 15388
548 15388
552 15388
556 15388
560 15388
564 15388
568 15388
572 15388
576 15388
580 15388
584 15388
588 15388
592 15388
596 15388
600 15388
604 15388
608 15388
612 15388
616 15388
620 15388
624 15388
628 15388
632 15388
636 15388
640 15388
644 15388
648 15388
652 15388
656 15388
660 15388
664 15388
668 15388
672 15388
676 15388
680 15388
684 15388
688 15388
692 15388
696 15388
700 15388
704 15388
708 15388
712 15388
716 15388
720 15388
724 15388
728 15388
732 15388
736 15388
740 15388
744 15388
748 15388
752 15388
756 15388
760 15388
764 15388
768 15388
772 15388
776 15388
780 15388
784 15388
788 15388
792 15388
796 15388
800 15388
804 15388
808 15388
812 15388
816 15388
820 15388
824 15388
828 15388
832 15388
836 15388
840 15388
844 15388
848 15388
852 15388
856 15388
860 15388
864 15388
868 15388
872 15388
876 15388
880 15388
884 15388
888 15388
892 15388
896 15388
900 15388
904 15388
908 15388
912 15388
916 15388
920 15388
924 15388
928 15388
932 15388
936 15388
940 15388
944 15388
948 15388
952 15388
956 15388
960 15388
964 15388
968 15388
972 15412
976 15412
980 15412
984 15412
988 15412
992 15412
996 15412
1000 15412
1004 15412
1008 15412
1012 15412
1016 15412
1020 15412
1024 15412
1028 16924
1032 16924
1036 16972
1040 16972
1044 16972
1048 16972
1052 16972
1056 16972
1060 16972
1064 16972
1068 16972
1072 16972
1076 16972
1080 16972
1084 16972
1088 16972
1092 19012
1096 19012
1100 19060
1104 19060
1108 19060
1112 19060
1116 19060
1120 19060
1124 19060
1128 19060
1132 19060
1136 19060
1140 19060
1144 19060
1148 19060
1152 19060
1156 20836
1160 20836
1164 20884
1168 20884
1172 20884
1176 20884
1180 20884
1184 20884
1188 20884
1192 20884
1196 20884
1200 20884
1204 20884
1208 20884
1212 20884
1216 20884
1220 22492
1224 22492
1228 22540
1232 22540
1236 22540
1240 22540
1244 22540
1248 22540
1252 22540
1256 22540
1260 22540
1264 22540
1268 22540
1272 22540
1276 22540
1280 22540
1284 24004
1288 24004
1292 24052
1296 24052
1300 24052
1304 24052
1308 24052
1312 24052
1316 24052
1320 24052
1324 24052
1328 24052
1332 24052
1336 24052
1340 24052
1344 24052
1348 25324
1352 25324
1356 25372
1360 25372
1364 25372
1368 25372
1372 25372
1376 25372
1380 25372
1384 25372
1388 25372
1392 25372
1396 25372
1400 25372
1404 25372
1408 25372
1412 26572
1416 26572
1420 26620
1424 26620
1428 26620
1432 26620
1436 26620
1440 26620
1444 26620
1448 26620
1452 26620
1456 26620
1460 26620
1464 26620
1468 26620
1472 26620
1476 27676
1480 27676
1484 27676
1488 27676
1492 27676
1496 27676
1500 27676
1504 27676
1508 27676
1512 27676
1516 27676
1520 27676
1524 27676
1528 27676
1532 27676
1536 27676
1540 27676
1544 27676
1548 27676
1552 27676
1556 27676
1560 27676
1564 27676
1568 27676
1572 27676
1576 27676
1580 27676
1584 27676
1588 27676
1592 27676
1596 27676
1600 27676
1604 27676
1608 27676
1612 27676
1616 27676
1620 27676
1624 27676
1628 27676
1632 27676
1636 27676
1640 27676
1644 27676
1648 27676
1652 27676
1656 27676
1660 27676
1664 27676
1668 27676
1672 27676
1676 27676
1680 27676
1684 27676
1688 27676
1692 27676
1696 27676
1700 27676
1704 27676
1708 27676
1712 27676
1716 27676
1720 27676
1724 27676
1728 27676
1732 27676
1736 27676
1740 27676
1744 27676
1748 27676
1752 27676
1756 27676
1760 27676
1764 27676
1768 27676
1772 27676
1776 27676
1780 27676
1784 27676
1788 27676
1792 27676
1796 27676
1800 27676
1804 27676
1808 27676
1812 27676
1816 27676
1820 27676
1824 27676
1828 27676
1832 27676
1836 27676
1840 27676
1844 27676
1848 27676
1852 27676
1856 27676
1860 27676
1864 27676
1868 27676
1872 27676
1876 27676
1880 27676
1884 27676
1888 27676
1892 27676
1896 27676
1900 27676
1904 27676
1908 27676
1912 27676
1916 27676
1920 27676
1924 27676
1928 27676
1932 27676
1936 27676
1940 27676
1944 27676
1948 27676
1952 27676
1956 27676
1960 27676
1964 27676
1968 27676
1972 27676
1976 27676
1980 27676
1984 27676
1988 27676
1992 27676
1996 27676
2000 27676
2004 27676
2008 27676
2012 27676
2016 27676
2020 27676
2024 27676
2028 27676
2032 27676
2036 27676
2040 27676
2044 27676
2048 27676
2052 27676
2056 27676
2060 27676
2064 27676
2068 27676
2072 27676
2076 27676
2080 27676
2084 27676
2088 27676
2092 27676
2096 27676
2100 27676
2104 27676
2108 27676
