65300 28473
65304 28473
65308 27949
65312 28473
65316 28473
65320 28473
65324 28473
65328 28473
65332 28473
65336 28473
65340 28473
65344 28473
65348 28473
65352 28473
65356 28473
65360 28473
65364 28473
65368 28473
65372 28473
65376 28473
65380 28473
65384 28473
65388 28473
65392 28473
65396 28473
65400 28473
65404 28473
65408 28473
65412 28473
65416 28473
65420 28473
65424 28473
65428 28473
65432 28473
65436 28473
65440 28473
65444 28473
65448 28473
65452 28473
65456 28473
65460 28473
65464 28473
65468 28473
65472 28473
65476 28473
65480 28473
65484 28778
65488 28608
65492 28506
65496 28404
65500 28302
65504 28200
65508 28152
65512 28778
65516 28152
65520 28778
65524 28152
65528 28778
65532 28152
65536 28778
65540 28152
65544 28633
65548 28906
65552 28906
65556 28793
65560 28906
65564 28906
65568 28793
65572 28906
65576 28906
65580 28793
65584 28906
65588 28906
65592 28793
65596 28906
65600 28906
65604 28793
65608 28959
65612 28982
65616 29149
65620 29154
65624 29149
65628 29154
65632 29149
65636 29154
65640 29149
65644 29154
65648 29149
65652 29154
65656 29149
65660 29154
65664 29149
65668 29154
65672 28501
65676 28766
65680 29296
65684 29373
65688 28836
65692 29328
65696 29546
65700 28836
65704 29328
65708 29546
65712 28836
65716 29328
65720 29546
65724 28836
65728 29328
65732 29546
65736 29296
65740 29066
65744 29771
65748 29860
65752 29442
65756 29442
65760 29442
65764 29442
65768 29442
65772 29442
65776 29442
65780 29442
65784 29442
65788 29442
65792 29442
65796 29442
65800 29860
65804 29975
65808 29975
65812 29975
65816 29975
65820 29975
65824 29975
65828 29975
65832 29975
65836 29975
65840 29975
65844 29975
65848 29975
65852 29975
65856 29975
65860 29975
65864 29926
65868 30164
65872 29211
65876 29622
65880 29622
65884 29622
65888 29622
65892 29622
65896 29622
65900 29622
65904 29622
65908 29622
65912 29622
65916 29622
65920 29622
65924 29622
65928 30046
65932 30680
65936 29753
65940 29252
65944 29753
65948 29494
65952 30123
65956 29406
65960 29753
65964 29229
65968 30284
65972 29753
65976 29229
65980 30249
65984 30123
65988 29406
65992 30123
65996 29796
66000 29821
66004 30505
66008 29913
66012 30345
66016 29913
66020 30345
66024 29913
66028 30345
66032 29913
66036 30345
66040 29913
66044 30345
66048 29913
66052 30345
66056 30345
66060 30430
66064 30153
66068 29543
66072 30153
66076 29543
66080 30153
66084 29543
66088 30153
66092 29543
66096 30153
66100 29543
66104 30153
66108 29543
66112 30153
66116 29543
66120 30153
66124 30308
66128 30308
66132 30308
66136 30308
66140 30308
66144 30308
66148 30308
66152 30308
66156 30308
66160 30308
66164 30308
66168 30308
66172 30308
66176 30308
66180 30308
66184 30273
66188 30393
66192 30393
66196 30393
66200 29869
66204 30393
66208 29863
66212 29869
66216 30393
66220 30393
66224 30101
66228 30393
66232 30393
66236 30393
66240 30393
66244 30393
66248 30827
66252 30553
66256 30553
66260 30553
66264 30553
66268 30553
66272 30553
66276 30553
66280 30553
66284 30553
66288 30553
66292 30553
66296 30553
66300 30553
66304 30553
66308 30553
66312 30553
66316 30819
66320 30189
66324 30713
66328 30183
66332 30189
66336 30223
66340 30189
66344 30183
66348 30189
66352 30183
66356 30335
66360 30713
66364 30189
66368 30713
66372 30713
66376 30713
66380 30922
66384 30349
66388 30922
66392 30349
66396 30922
66400 30349
66404 30922
66408 30349
66412 30922
66416 30349
66420 30922
66424 30349
66428 30922
66432 30349
66436 30922
66440 30873
66444 31899
66448 30711
66452 31149
66456 30700
66460 31149
66464 30625
66468 31149
66472 30625
66476 31149
66480 30625
66484 31149
66488 30625
66492 31149
66496 30625
66500 31149
66504 31149
66508 30925
66512 30925
66516 31449
66520 31449
66524 31449
66528 31449
66532 31449
66536 31449
66540 31449
66544 31449
66548 31449
66552 31449
66556 31449
66560 31449
66564 31449
66568 32218
66572 31923
66576 31846
66580 32043
66584 31854
66588 32023
66592 31854
66596 32023
66600 31854
66604 32023
66608 31854
66612 32023
66616 31854
66620 32023
66624 31854
66628 32023
66632 31923
66636 32818
66640 31826
66644 32138
66648 32442
66652 32818
66656 31826
66660 32138
66664 32442
66668 32925
66672 31826
66676 32138
66680 32442
66684 32818
66688 32557
66692 32138
66696 32138
66700 32273
66704 33153
66708 33150
66712 33150
66716 33150
66720 33150
66724 33150
66728 33150
66732 33150
66736 33150
66740 33150
66744 33150
66748 33150
66752 33150
66756 33150
66760 32527
66764 33056
66768 33221
66772 33744
66776 33729
66780 33092
66784 33112
66788 33011
66792 33300
66796 33074
66800 33092
66804 33112
66808 33026
66812 32640
66816 33729
66820 33092
66824 33092
66828 33226
66832 33923
66836 33618
66840 33423
66844 33367
66848 33893
66852 33363
66856 33908
66860 33923
66864 33404
66868 33363
66872 33342
66876 33607
66880 33923
66884 33404
66888 33367
66892 33715
66896 34211
66900 33968
66904 34320
66908 34211
66912 33968
66916 34320
66920 34211
66924 33968
66928 34320
66932 34211
66936 33968
66940 34320
66944 34211
66948 33968
66952 34326
66956 34628
66960 34619
66964 34929
66968 34610
66972 34029
66976 34627
66980 34610
66984 34800
66988 34407
66992 34412
66996 34553
67000 34627
67004 34610
67008 34563
67012 34324
67016 34553
67020 35169
67024 35404
67028 35334
67032 34683
67036 35404
67040 35334
67044 34683
67048 35404
67052 35334
67056 34765
67060 35404
67064 35334
67068 34697
67072 35404
67076 35334
67080 34870
67084 35247
67088 35577
67092 35293
67096 35062
67100 35247
67104 35577
67108 35068
67112 35031
67116 35080
67120 35247
67124 35577
67128 35402
67132 35078
67136 35247
67140 35577
67144 34752
67148 35929
67152 35929
67156 35929
67160 35929
67164 35929
67168 35929
67172 35929
67176 35929
67180 35929
67184 35929
67188 35929
67192 35929
67196 35929
67200 35929
67204 35929
67208 35983
67212 36146
67216 36169
67220 36183
67224 36081
67228 35979
67232 35877
67236 35827
67240 36458
67244 36407
67248 36286
67252 36254
67256 36227
67260 36081
67264 36075
67268 36061
67272 36162
67276 36254
67280 36245
67284 36533
67288 36584
67292 36186
67296 36655
67300 35895
67304 36142
67308 36503
67312 36584
67316 35927
67320 36655
67324 36436
67328 36464
67332 36485
67336 36413
67340 36659
67344 36348
67348 36454
67352 36843
67356 36843
67360 36843
67364 36843
67368 36843
67372 36843
67376 36843
67380 36843
67384 36843
67388 36843
67392 36843
67396 36843
67400 36909
67404 36971
67408 37028
67412 36615
67416 36615
67420 36508
67424 36615
67428 36732
67432 36665
67436 36579
67440 36493
67444 36938
67448 36938
67452 36938
67456 36938
67460 36938
67464 36943
67468 37381
67472 37550
67476 37583
67480 37346
67484 37583
67488 37142
67492 37583
67496 37843
67500 37381
67504 37897
67508 37381
67512 37822
67516 37381
67520 37876
67524 37381
67528 37919
67532 39243
67536 39243
67540 39243
67544 39243
67548 39243
67552 39243
67556 39243
67560 39243
67564 39243
67568 39243
67572 39243
67576 39243
67580 39243
67584 39243
67588 39243
67592 38514
67596 37858
67600 38333
67604 39628
67608 40099
67612 39165
67616 39165
67620 39165
67624 39165
67628 39165
67632 39165
67636 39165
67640 39165
67644 39165
67648 39165
67652 39165
67656 39464
67660 38520
67664 39910
67668 38557
67672 38214
67676 39910
67680 38307
67684 39304
67688 39304
67692 39304
67696 39304
67700 39304
67704 39304
67708 39304
67712 39304
67716 39304
67720 40028
67724 39364
67728 39230
67732 39079
67736 39926
67740 39505
67744 38843
67748 38859
67752 39742
67756 38712
67760 38612
67764 39007
67768 39200
67772 39526
67776 39544
67780 39433
67784 39872
67788 40683
67792 40262
67796 40176
67800 40090
67804 40004
67808 39918
67812 39870
67816 39924
67820 39838
67824 39800
67828 39185
67832 39099
67836 39721
67840 40014
67844 40360
67848 39576
67852 40925
67856 40250
67860 40694
67864 40326
67868 40780
67872 40278
67876 40336
67880 39878
67884 40792
67888 39959
67892 40792
67896 39787
67900 40792
67904 39621
67908 40859
67912 39809
67916 40897
67920 40655
67924 40655
67928 40655
67932 40655
67936 40655
67940 40655
67944 40655
67948 40655
67952 40655
67956 40655
67960 40655
67964 40655
67968 40655
67972 40655
67976 40812
67980 41379
67984 40429
67988 40745
67992 40813
67996 41427
68000 41048
68004 41564
68008 41465
68012 41521
68016 41435
68020 41349
68024 41392
68028 41007
68032 40687
68036 40745
68040 41688
68044 41552
68048 41556
68052 41663
68056 41367
68060 41791
68064 41670
68068 41966
68072 41562
68076 41552
68080 41466
68084 41366
68088 41815
68092 41079
68096 41966
68100 41583
68104 41554
68108 42843
68112 42237
68116 42843
68120 42237
68124 42843
68128 42237
68132 42843
68136 42237
68140 42843
68144 42237
68148 42843
68152 42237
68156 42843
68160 42237
68164 42843
68168 42528
68172 43097
68176 42036
68180 43097
68184 42066
68188 43097
68192 42032
68196 43097
68200 42258
68204 43097
68208 42084
68212 43097
68216 41997
68220 43097
68224 42059
68228 43097
68232 42840
68236 42980
68240 42861
68244 42992
68248 42992
68252 42992
68256 42992
68260 42992
68264 42992
68268 42992
68272 42992
68276 42992
68280 42992
68284 42992
68288 42992
68292 42992
68296 42716
68300 43159
68304 43462
68308 42944
68312 43201
68316 43462
68320 42982
68324 43321
68328 43462
68332 42972
68336 43321
68340 43462
68344 43205
68348 43119
68352 43462
68356 42971
68360 42639
68364 43993
68368 43449
68372 44133
68376 44133
68380 44133
68384 44133
68388 44133
68392 44133
68396 44133
68400 44133
68404 44133
68408 44133
68412 44133
68416 44133
68420 44133
68424 43526
68428 43871
68432 43865
68436 43780
68440 44422
68444 43737
68448 44422
68452 43565
68456 44422
68460 43585
68464 44422
68468 43493
68472 44422
68476 43338
68480 44422
68484 43739
68488 44422
68492 44700
68496 44700
68500 44700
68504 44700
68508 44700
68512 44700
68516 44700
68520 44700
68524 44700
68528 44700
68532 44700
68536 44700
68540 44700
68544 44700
68548 44700
68552 44830
68556 44550
68560 44464
68564 44507
68568 44550
68572 44464
68576 44777
68580 44578
68584 44730
68588 44818
68592 44550
68596 44593
68600 44750
68604 44664
68608 45014
68612 44834
68616 44713
68620 44839
68624 45110
68628 44847
68632 45089
68636 45110
68640 44922
68644 45048
68648 44962
68652 45365
68656 45154
68660 45317
68664 45106
68668 45393
68672 45058
68676 45000
68680 44674
68684 45478
68688 45282
68692 45195
68696 45109
68700 45308
68704 45351
68708 45265
68712 45308
68716 45351
68720 45265
68724 45308
68728 45351
68732 45265
68736 45316
68740 45230
68744 45146
68748 46249
68752 45601
68756 46249
68760 45634
68764 45548
68768 45658
68772 46249
68776 45536
68780 46249
68784 45498
68788 46249
68792 45444
68796 46249
68800 45548
68804 46249
68808 46450
68812 46305
68816 45742
68820 45785
68824 45894
68828 45808
68832 45848
68836 45985
68840 45899
68844 46506
68848 45922
68852 45836
68856 46007
68860 45902
68864 45816
68868 45843
68872 46595
68876 46234
68880 46723
68884 46302
68888 46787
68892 46723
68896 46302
68900 46529
68904 46723
68908 46831
68912 46271
68916 46723
68920 46573
68924 46363
68928 46723
68932 47057
68936 47057
68940 47187
68944 46918
68948 47072
68952 47062
68956 46970
68960 46898
68964 46965
68968 46796
68972 46961
68976 47072
68980 47062
68984 46956
68988 46999
68992 47056
68996 46970
69000 47187
69004 47507
69008 47036
69012 47373
69016 47501
69020 47147
69024 46811
69028 47171
69032 47501
69036 47147
69040 46736
69044 47049
69048 47271
69052 47501
69056 47147
69060 47221
69064 47135
69068 47152
69072 48139
69076 47438
69080 47486
69084 47400
69088 47821
69092 47429
69096 47372
69100 46999
69104 47300
69108 47201
69112 47128
69116 47468
69120 47446
69124 48139
69128 47203
69132 48270
69136 48067
69140 48301
69144 48067
69148 48301
69152 48067
69156 48301
69160 48067
69164 48301
69168 48067
69172 48301
69176 48067
69180 48301
69184 48067
69188 48301
69192 48270
69196 48299
69200 48161
69204 48059
69208 47957
69212 47855
69216 47753
69220 48178
69224 48429
69228 48596
69232 47807
69236 48042
69240 47900
69244 48596
69248 47971
69252 48138
69256 47968
69260 48396
69264 48439
69268 48353
69272 48396
69276 48439
69280 48353
69284 48267
69288 48181
69292 48224
69296 48267
69300 48181
69304 48189
69308 48232
69312 48146
69316 48226
69320 48195
69324 48412
69328 49502
69332 48162
69336 48680
69340 49502
69344 48305
69348 48680
69352 49502
69356 48305
69360 48551
69364 48071
69368 48379
69372 48265
69376 48484
69380 48157
69384 48736
69388 48570
69392 48459
69396 48716
69400 48614
69404 48512
69408 48410
69412 48575
69416 49194
69420 48508
69424 48627
69428 49049
69432 48473
69436 48579
69440 49446
69444 48510
69448 48869
69452 49541
69456 48924
69460 48967
69464 49010
69468 48924
69472 48967
69476 49010
69480 48924
69484 48967
69488 49010
69492 48924
69496 48762
69500 49155
69504 49069
69508 49112
69512 48972
69516 49918
69520 49667
69524 49844
69528 49918
69532 49667
69536 49345
69540 49269
69544 49667
69548 49222
69552 49294
69556 49918
69560 49667
69564 49407
69568 49667
69572 49327
69576 49100
69580 50216
69584 49477
69588 49391
69592 49576
69596 49490
69600 49533
69604 49850
69608 49764
69612 49807
69616 49850
69620 49764
69624 49807
69628 49721
69632 49635
69636 49678
69640 49711
69644 50698
69648 50466
69652 50361
69656 50139
69660 49681
69664 50384
69668 50661
69672 50693
69676 50361
69680 49890
69684 50833
69688 49891
69692 50384
69696 50301
69700 50361
69704 50422
69708 50733
69712 50164
69716 51031
69720 49990
69724 50033
69728 50077
69732 49991
69736 50297
69740 50508
69744 50422
69748 50456
69752 50655
69756 50775
69760 50733
69764 50466
69768 50271
69772 51806
69776 50786
69780 51233
69784 51040
69788 50709
69792 50554
69796 51040
69800 50764
69804 50541
69808 50609
69812 51232
69816 51040
69820 50721
69824 51252
69828 51331
69832 51252
69836 51106
69840 51128
69844 51158
69848 51056
69852 50954
69856 50981
69860 50879
69864 50778
69868 50662
69872 50872
69876 50787
69880 50687
69884 50601
69888 50786
69892 50829
69896 50943
69900 51176
69904 51923
69908 52485
69912 51157
69916 51923
69920 52485
69924 51228
69928 51794
69932 52485
69936 51255
69940 51225
69944 51529
69948 51155
69952 51417
69956 51121
69960 52485
69964 52818
69968 52818
69972 52818
69976 52818
69980 52818
69984 52818
69988 52818
69992 52818
69996 52818
70000 52818
70004 52818
70008 52818
70012 52818
70016 52818
70020 52818
70024 51892
70028 53206
70032 51959
70036 53077
70040 51916
70044 53077
70048 51744
70052 53077
70056 52098
70060 53077
70064 51978
70068 53077
70072 51797
70076 53077
70080 51878
70084 53077
70088 51926
70092 53053
70096 52865
70100 52716
70104 52101
70108 52442
70112 52432
70116 52346
70120 52260
70124 53051
70128 52605
70132 52519
70136 52562
70140 52583
70144 52497
70148 53040
70152 53135
70156 53292
70160 53628
70164 52529
70168 53550
70172 53628
70176 52529
70180 53421
70184 53628
70188 52591
70192 53421
70196 53628
70200 52486
70204 53292
70208 53628
70212 52250
70216 53329
70220 53860
70224 53758
70228 53656
70232 53554
70236 53452
70240 53350
70244 53016
70248 54077
70252 52624
70256 53574
70260 54077
70264 53415
70268 53526
70272 54077
70276 53867
70280 53005
70284 53782
70288 53544
70292 53584
70296 53498
70300 53412
70304 53388
70308 53443
70312 53371
70316 53797
70320 53840
70324 53625
70328 53797
70332 53711
70336 53625
70340 53668
70344 53584
70348 54376
70352 54224
70356 54984
70360 53482
70364 54376
70368 53494
70372 54165
70376 54241
70380 54376
70384 53686
70388 54376
70392 53772
70396 54376
70400 53858
70404 54376
70408 54165
70412 53986
70416 54454
70420 54454
70424 54454
70428 54454
70432 54454
70436 54454
70440 54454
70444 54454
70448 54454
70452 54454
70456 54454
70460 54454
70464 54454
70468 54454
70472 53666
70476 54626
70480 54839
70484 54105
70488 55206
70492 54146
70496 55206
70500 54235
70504 55206
70508 54063
70512 55206
70516 54279
70520 54653
70524 54636
70528 54610
70532 54636
70536 54220
70540 54731
70544 54226
70548 55025
70552 55027
70556 55428
70560 55342
70564 55169
70568 54471
70572 54666
70576 54580
70580 54494
70584 54917
70588 54914
70592 54523
70596 54563
70600 55697
70604 55125
70608 55995
70612 54705
70616 55995
70620 54956
70624 55995
70628 54784
70632 55995
70636 54571
70640 55995
70644 54537
70648 55995
70652 55037
70656 54861
70660 55036
70664 55760
70668 54937
70672 55766
70676 55357
70680 55704
70684 55384
70688 55418
70692 55495
70696 55372
70700 55418
70704 55495
70708 54991
70712 55536
70716 55495
70720 54991
70724 55610
70728 55524
70732 56005
70736 56161
70740 56077
70744 56161
70748 56299
70752 56161
70756 56256
70760 56161
70764 56084
70768 56161
70772 56041
70776 56161
70780 55998
70784 56161
70788 55714
70792 56106
70796 57075
70800 56050
70804 56618
70808 56763
70812 56070
70816 56599
70820 56618
70824 56793
70828 55579
70832 56618
70836 56535
70840 55579
70844 56618
70848 56933
70852 55708
70856 56395
70860 56884
70864 56469
70868 56593
70872 55876
70876 56690
70880 56733
70884 56647
70888 56690
70892 56733
70896 56645
70900 56543
70904 56538
70908 56463
70912 56634
70916 56532
70920 57114
70924 56471
70928 56625
70932 57197
70936 56551
70940 56993
70944 56765
70948 56980
70952 57376
70956 56620
70960 56857
70964 56949
70968 57376
70972 56581
70976 56900
70980 56459
70984 56472
70988 57072
70992 57491
70996 57773
71000 57928
71004 56857
71008 57380
71012 57368
71016 57729
71020 57773
71024 57928
71028 56986
71032 57773
71036 57928
71040 56999
71044 57773
71048 57216
71052 57261
71056 57913
71060 57405
71064 57152
71068 57913
71072 57354
71076 57913
71080 57311
71084 57913
71088 57232
71092 57913
71096 57211
71100 57913
71104 57039
71108 57913
71112 57987
71116 58330
71120 58459
71124 57893
71128 58363
71132 58584
71136 58390
71140 58584
71144 58218
71148 58584
71152 58175
71156 57979
71160 58330
71164 58464
71168 57770
71172 58330
71176 57399
71180 58636
71184 58636
71188 58636
71192 58636
71196 58636
71200 58636
71204 58636
71208 58636
71212 58636
71216 58636
71220 58636
71224 58636
71228 58636
71232 58636
71236 58636
71240 57965
71244 58408
71248 58958
71252 58700
71256 58876
71260 58958
71264 58342
71268 58829
71272 58351
71276 58829
71280 58322
71284 58829
71288 58408
71292 58829
71296 58494
71300 58829
71304 58555
71308 58458
71312 59355
71316 58439
71320 59018
71324 58932
71328 58697
71332 58740
71336 58654
71340 58697
71344 58740
71348 58654
71352 58697
71356 58731
71360 58645
71364 58559
71368 59271
71372 60009
71376 59504
71380 60009
71384 59706
71388 60009
71392 59942
71396 60009
71400 59770
71404 60009
71408 60250
71412 60009
71416 60207
71420 60009
71424 60035
71428 60009
71432 59235
71436 60008
71440 59993
71444 59993
71448 59993
71452 59993
71456 59993
71460 59993
71464 59993
71468 59993
71472 59993
71476 59993
71480 59993
71484 59993
71488 59993
71492 59993
71496 60008
71500 60645
71504 60774
71508 60323
71512 60469
71516 60429
71520 60467
71524 60381
71528 60271
71532 60322
71536 60247
71540 60150
71544 60151
71548 60546
71552 60142
71556 60631
71560 60645
71564 60318
71568 60974
71572 60250
71576 60974
71580 60460
71584 60974
71588 60393
71592 60290
71596 59992
71600 60974
71604 59620
71608 60974
71612 60460
71616 60113
71620 60547
71624 60521
71628 61180
71632 60133
71636 61440
71640 61129
71644 60539
71648 61440
71652 60868
71656 60281
71660 61440
71664 60597
71668 60152
71672 61440
71676 60908
71680 60023
71684 61440
71688 60922
71692 61773
71696 61063
71700 61063
71704 61063
71708 61063
71712 61063
71716 61063
71720 61063
71724 61063
71728 61063
71732 61063
71736 61063
71740 61063
71744 61063
71748 61063
71752 60319
71756 61320
71760 61727
71764 61116
71768 61727
71772 60912
71776 61727
71780 60980
71784 61253
71788 61727
71792 60674
71796 61698
71800 61727
71804 60755
71808 61569
71812 61727
71816 61215
71820 62271
71824 60624
71828 61871
71832 61635
71836 61871
71840 61685
71844 61871
71848 61665
71852 61872
71856 61940
71860 61209
71864 61389
71868 61553
71872 61872
71876 61639
71880 61871
71884 61811
71888 61854
71892 61768
71896 61811
71900 61725
71904 61906
71908 61949
71912 61863
71916 61769
71920 61683
71924 61602
71928 62034
71932 61948
71936 62277
71940 62395
71944 61684
71948 62794
71952 62140
71956 62464
71960 62088
71964 62269
71968 62423
71972 62189
71976 61941
71980 61855
71984 61769
71988 61683
71992 62100
71996 62524
72000 62423
72004 62880
72008 62409
72012 63323
72016 62387
72020 63154
72024 62686
72028 62984
72032 62380
72036 62619
72040 63304
72044 62889
72048 62318
72052 62369
72056 62283
72060 63191
72064 62413
72068 62327
72072 62608
72076 62820
72080 62856
72084 62696
72088 62678
72092 63371
72096 62696
72100 63060
72104 62852
72108 62899
72112 62696
72116 63296
72120 62690
72124 63253
72128 62690
72132 62769
72136 62975
72140 63576
72144 63021
72148 62907
72152 62907
72156 62907
72160 62907
72164 62907
72168 62907
72172 62907
72176 62907
72180 62907
72184 62907
72188 62907
72192 62907
72196 62907
72200 63468
72204 63276
72208 63452
72212 63368
72216 63703
72220 63346
72224 63015
72228 63617
72232 63368
72236 64003
72240 62893
72244 63513
72248 63368
72252 63867
72256 62833
72260 63802
72264 63346
72268 63662
72272 63708
72276 63622
72280 64140
72284 64054
72288 64438
72292 64352
72296 64137
72300 64051
72304 64223
72308 64266
72312 64051
72316 64352
72320 64266
72324 64180
72328 63759
72332 63948
72336 63967
72340 64075
72344 63967
72348 64075
72352 63967
72356 64075
72360 63967
72364 64075
72368 63967
72372 64075
72376 63967
72380 64075
72384 63967
72388 64075
72392 64089
72396 64380
72400 64036
72404 64036
72408 64036
72412 64036
72416 64036
72420 64036
72424 64036
72428 64036
72432 64036
72436 64036
72440 64036
72444 64036
72448 64036
72452 64036
72456 64748
72460 64679
72464 64508
72468 65028
72472 64735
72476 64689
72480 64912
72484 64735
72488 64689
72492 65173
72496 64689
72500 64810
72504 64632
72508 64833
72512 65028
72516 64735
72520 64604
72524 64922
72528 64823
72532 65279
72536 65647
72540 65768
72544 65232
72548 65236
72552 65263
72556 65290
72560 65229
72564 65272
72568 65186
72572 65229
72576 65109
72580 65023
72584 64848
72588 65763
72592 64819
72596 66013
72600 65269
72604 66013
72608 65814
72612 65237
72616 66013
72620 65366
72624 65814
72628 65763
72632 65222
72636 65555
72640 65763
72644 65203
72648 65626
72652 66354
72656 66218
72660 66218
72664 66218
72668 66218
72672 66218
72676 66218
72680 66218
72684 66218
72688 66218
72692 66218
72696 66218
72700 66218
72704 66218
72708 66218
72712 65953
72716 65999
72720 65653
72724 66674
72728 66128
72732 65795
72736 66674
72740 66005
72744 66242
72748 66674
72752 66446
72756 66360
72760 66274
72764 66317
72768 66231
72772 66274
72776 65976
72780 66097
72784 66987
72788 66360
72792 66987
72796 66183
72800 66987
72804 66474
72808 66987
72812 66316
72816 66987
72820 66307
72824 67021
72828 66359
72832 66987
72836 66316
72840 66844
72844 66632
72848 66584
72852 67191
72856 66893
72860 66816
72864 66658
72868 66701
72872 66615
72876 66529
72880 67063
72884 66511
72888 66425
72892 66328
72896 66295
72900 67191
72904 67320
72908 67782
72912 67246
72916 67312
72920 66788
72924 67167
72928 67062
72932 67124
72936 67277
72940 67081
72944 67105
72948 67180
72952 67191
72956 66646
72960 66922
72964 67191
72968 67291
72972 67403
72976 67986
72980 67879
72984 67986
72988 67965
72992 67986
72996 67793
73000 67986
73004 67750
73008 67986
73012 67707
73016 67986
73020 67541
73024 68210
73028 67986
73032 67320
73036 67738
73040 67921
73044 67600
73048 67923
73052 67646
73056 68136
73060 67474
73064 68093
73068 67694
73072 68050
73076 67669
73080 68007
73084 67594
73088 67835
73092 67648
73096 68235
73100 68490
73104 68104
73108 68029
73112 68263
73116 68435
73120 68435
73124 68435
73128 68435
73132 68435
73136 68435
73140 68435
73144 68435
73148 68435
73152 68435
73156 68435
73160 68623
73164 68496
73168 68767
73172 68598
73176 68773
73180 69312
73184 68397
73188 69163
73192 68773
73196 68644
73200 68644
73204 68644
73208 68644
73212 68644
73216 68644
73220 68644
73224 68759
73228 69350
73232 69114
73236 68972
73240 68619
73244 69350
73248 69323
73252 68936
73256 69082
73260 69350
73264 69237
73268 69350
73272 69194
73276 69350
73280 69022
73284 69350
73288 69133
73292 68925
73296 68839
73300 68740
73304 69971
73308 69885
73312 69799
73316 69842
73320 69756
73324 69670
73328 69571
73332 69003
73336 68917
73340 68955
73344 69477
73348 69391
73352 69265
73356 69342
73360 69729
73364 69118
73368 70085
73372 70093
73376 69657
73380 69575
73384 69095
73388 70085
73392 70093
73396 69232
73400 68975
73404 70085
73408 70093
73412 69272
73416 69956
73420 69523
73424 69692
73428 69590
73432 69488
73436 69386
73440 69284
73444 69297
73448 69195
73452 69228
73456 70055
73460 69378
73464 69276
73468 69446
73472 69085
73476 69242
73480 69530
73484 69986
73488 70220
73492 70308
73496 69696
73500 70016
73504 70133
73508 70724
73512 69771
73516 70521
73520 70724
73524 69771
73528 70133
73532 70724
73536 69642
73540 70464
73544 69900
73548 70509
73552 70770
73556 70378
73560 70083
73564 69997
73568 70298
73572 70212
73576 70126
73580 70040
73584 70475
73588 70389
73592 70299
73596 70342
73600 70256
73604 70293
73608 70237
73612 71040
73616 70917
73620 70982
73624 70205
73628 70538
73632 70988
73636 70441
73640 70488
73644 70269
73648 70720
73652 70854
73656 70581
73660 71165
73664 70533
73668 71122
73672 71047
73676 71079
73680 70661
73684 70676
73688 71079
73692 70661
73696 70295
73700 71079
73704 70790
73708 70422
73712 71079
73716 70532
73720 70422
73724 71079
73728 70929
73732 70696
73736 71079
73740 71067
73744 70795
73748 70112
73752 70795
73756 70212
73760 70795
73764 70056
73768 70795
73772 70117
73776 70795
73780 70434
73784 70795
73788 70532
73792 70795
73796 70489
73800 70928
73804 70949
73808 70852
73812 70925
73816 70666
73820 70925
73824 70766
73828 70925
73832 70723
73836 70925
73840 70680
73844 70925
73848 70760
73852 70925
73856 70588
73860 70925
73864 70501
73868 70190
73872 71067
73876 71067
73880 71067
73884 71067
73888 71067
73892 71067
73896 71067
73900 71067
73904 71067
73908 71067
73912 71067
73916 71067
73920 71067
73924 71067
73928 71067
73932 70599
73936 70748
73940 70894
73944 71079
73948 71067
73952 70606
73956 70890
73960 71067
73964 70428
73968 70705
73972 70555
73976 71067
73980 70695
73984 70748
73988 70607
73992 71067
73996 71053
74000 70760
74004 70988
74008 71079
74012 70562
74016 70873
74020 71079
74024 70691
74028 71215
74032 71079
74036 70562
74040 70615
74044 71079
74048 70973
74052 70643
74056 71079
74060 71089
74064 70951
74068 70951
74072 70951
74076 70951
74080 70951
74084 70951
74088 70951
74092 70951
74096 70951
74100 70951
74104 70951
74108 70951
74112 70951
74116 70951
74120 71165
74124 70306
74128 71165
74132 71165
74136 71165
74140 71165
74144 71165
74148 71165
74152 71165
74156 71165
74160 71165
74164 71165
74168 71165
74172 71165
74176 71165
74180 71165
74184 70249
74188 70683
74192 70987
74196 70885
74200 70783
74204 70681
74208 70579
74212 70705
74216 70732
74220 70759
74224 70671
74228 70795
74232 70927
74236 71056
74240 70570
74244 71013
74248 71056
74252 70928
74256 70760
74260 70741
74264 70856
74268 70783
74272 70813
74276 70611
74280 70512
74284 70589
74288 70487
74292 70559
74296 70473
74300 70761
74304 71393
74308 70705
74312 71393
74316 70910
74320 70412
74324 70769
74328 70683
74332 70726
74336 70640
74340 70761
74344 70529
74348 70589
74352 70486
74356 70559
74360 70473
74364 70761
74368 70950
74372 71053
74376 70924
74380 70666
74384 70950
74388 70924
74392 70950
74396 70924
74400 70950
74404 70924
74408 70950
74412 70924
74416 70950
74420 70924
74424 70950
74428 70924
74432 70950
74436 70924
74440 70950
74444 71165
74448 71103
74452 70666
74456 70540
74460 70454
74464 70692
74468 70606
74472 70520
74476 70415
74480 70329
74484 70243
74488 70740
74492 70740
74496 70740
74500 70740
74504 70844
74508 71066
74512 70759
74516 70759
74520 70759
74524 70759
74528 70759
74532 70759
74536 70759
74540 70759
74544 70759
74548 70759
74552 70759
74556 70759
74560 70759
74564 70759
74568 71066
74572 70951
74576 70756
74580 70756
74584 70756
74588 70756
74592 70756
74596 70756
74600 70756
74604 70756
74608 70756
74612 70756
74616 70756
74620 70756
74624 70756
74628 70756
74632 70951
74636 71178
74640 70792
74644 70930
74648 71256
74652 71273
74656 70555
74660 70555
74664 70555
74668 70555
74672 70555
74676 70555
74680 70555
74684 70555
74688 70555
74692 70555
74696 71178
74700 71003
74704 70633
74708 70657
74712 70986
74716 70869
74720 70657
74724 70694
74728 70510
74732 70466
74736 71361
74740 70657
74744 70644
74748 70476
74752 70438
74756 71361
74760 70662
74764 70889
74768 70596
74772 70938
74776 70601
74780 70938
74784 70558
74788 70938
74792 70515
74796 70938
74800 70570
74804 70795
74808 70755
74812 70533
74816 70938
74820 70616
74824 70938
74828 70791
74832 70905
74836 70560
74840 70938
74844 70388
74848 70938
74852 70599
74856 70938
74860 70595
74864 70729
74868 70423
74872 70686
74876 70920
74880 70643
74884 70920
74888 70828
74892 71085
74896 70791
74900 70125
74904 70791
74908 70220
74912 70791
74916 70324
74920 70791
74924 70461
74928 70791
74932 70992
74936 70791
74940 70627
74944 70791
74948 70584
74952 70924
74956 70573
74960 70951
74964 70924
74968 70858
74972 70924
74976 70944
74980 70924
74984 70584
74988 70951
74992 70924
74996 70584
75000 70951
75004 70924
75008 70871
75012 70924
75016 70454
75020 70846
75024 70954
75028 70795
75032 70677
75036 70229
75040 70795
75044 70548
75048 70265
75052 70795
75056 70283
75060 70846
75064 70795
75068 70767
75072 70203
75076 70795
75080 70791
75084 70729
75088 70954
75092 70380
75096 70588
75100 70215
75104 70954
75108 70558
75112 70951
75116 70392
75120 70709
75124 70954
75128 70301
75132 70601
75136 70426
75140 70954
75144 70601
75148 70973
75152 70951
75156 70316
75160 70677
75164 70514
75168 70404
75172 70844
75176 70629
75180 70312
75184 70951
75188 70402
75192 70443
75196 70396
75200 70951
75204 70799
75208 70992
75212 70901
75216 70829
75220 70686
75224 70600
75228 70514
75232 70692
75236 70606
75240 70649
75244 70692
75248 70606
75252 70649
75256 70692
75260 70606
75264 71142
75268 70569
75272 70644
75276 70901
75280 70720
75284 70634
75288 70677
75292 70720
75296 70634
75300 70548
75304 70462
75308 70511
75312 70425
75316 70339
75320 70443
75324 70412
75328 70871
75332 70951
75336 70263
75340 70951
75344 70773
75348 70671
75352 70569
75356 70467
75360 70365
75364 70392
75368 70419
75372 70317
75376 70344
75380 70385
75384 70270
75388 70359
75392 70937
75396 70321
75400 71117
75404 70570
75408 70808
75412 70808
75416 70775
75420 70533
75424 70588
75428 70727
75432 70472
75436 70108
75440 70757
75444 70671
75448 70571
75452 70614
75456 70528
75460 70571
75464 70612
75468 70570
75472 70951
75476 70674
75480 70573
75484 70487
75488 70542
75492 70856
75496 70620
75500 70713
75504 70499
75508 70413
75512 70700
75516 70614
75520 70528
75524 70571
75528 70848
75532 71080
75536 70724
75540 71037
75544 70681
75548 71123
75552 70638
75556 71094
75560 70438
75564 70633
75568 70676
75572 70792
75576 70706
75580 70709
75584 70623
75588 70688
75592 71195
75596 70939
75600 70724
75604 70638
75608 70681
75612 70798
75616 71123
75620 71050
75624 70964
75628 70878
75632 70810
75636 70724
75640 70638
75644 71121
75648 71121
75652 71121
75656 70939
75660 71442
75664 71333
75668 71333
75672 71333
75676 71333
75680 71333
75684 71333
75688 71333
75692 71333
75696 71333
75700 71333
75704 71333
75708 71333
75712 71333
75716 71333
75720 71442
75724 71211
75728 70961
75732 70961
75736 70961
75740 70961
75744 70961
75748 70961
75752 70961
75756 70961
75760 70961
75764 70961
75768 70961
75772 70961
75776 70961
75780 70961
75784 71211
75788 71211
75792 71211
75796 71211
75800 71211
75804 71211
75808 71211
75812 71211
75816 71211
75820 71211
75824 71211
75828 71211
75832 71211
75836 71211
75840 71211
75844 71211
75848 70668
75852 71031
75856 70926
75860 70827
75864 70926
75868 70623
75872 70926
75876 70225
75880 70285
75884 70913
75888 70242
75892 70913
75896 70328
75900 70913
75904 70156
75908 70913
75912 70230
75916 71652
75920 70639
75924 71044
75928 70501
75932 71044
75936 70458
75940 71044
75944 70415
75948 71044
75952 70372
75956 71044
75960 71195
75964 71044
75968 70405
75972 71044
75976 70974
75980 71523
75984 71286
75988 70792
75992 70445
75996 70792
76000 70893
76004 70792
76008 70096
76012 70792
76016 70554
76020 70792
76024 70979
76028 70792
76032 70979
76036 70792
76040 71211
76044 71523
76048 71211
76052 71523
76056 71211
76060 71523
76064 71211
76068 71523
76072 71211
76076 71523
76080 71211
76084 71523
76088 71211
76092 71523
76096 71211
76100 71523
76104 71362
76108 70213
76112 71176
76116 71025
76120 70922
76124 71399
76128 70719
76132 70922
76136 71141
76140 70150
76144 70922
76148 70919
76152 70334
76156 70458
76160 71163
76164 70922
76168 71317
76172 70742
76176 71184
76180 70525
76184 71184
76188 70504
76192 70571
76196 70394
76200 70682
76204 71184
76208 70637
76212 71184
76216 70594
76220 71184
76224 70551
76228 71184
76232 70570
76236 70747
76240 70455
76244 70520
76248 70915
76252 70293
76256 70623
76260 70501
76264 70547
76268 70458
76272 70494
76276 70286
76280 70441
76284 70699
76288 70511
76292 70241
76296 70517
76300 71033
76304 71175
76308 71175
76312 71175
76316 71175
76320 71175
76324 71175
76328 71175
76332 71175
76336 71175
76340 71175
76344 71175
76348 71175
76352 71175
76356 71175
76360 71042
76364 70353
76368 70285
76372 70322
76376 70395
76380 70638
76384 70658
76388 70915
76392 70354
76396 70681
76400 70529
76404 70915
76408 70410
76412 70466
76416 70369
76420 70327
76424 71115
76428 71045
76432 70822
76436 70667
76440 70733
76444 70624
76448 70594
76452 71043
76456 71043
76460 71043
76464 71043
76468 71043
76472 71043
76476 71043
76480 71043
76484 71043
76488 70297
76492 71175
76496 71301
76500 70620
76504 70395
76508 70438
76512 70352
76516 70395
76520 70311
76524 70225
76528 70358
76532 71064
76536 70362
76540 71188
76544 70745
76548 70659
76552 70339
76556 70356
76560 71005
76564 71035
76568 70949
76572 70863
76576 70918
76580 70455
76584 71215
76588 70591
76592 70915
76596 71044
76600 70443
76604 70671
76608 71061
76612 70975
76616 70366
76620 70683
76624 70685
76628 70599
76632 71097
76636 70882
76640 71052
76644 70966
76648 71009
76652 70937
76656 70851
76660 70894
76664 70714
76668 70628
76672 70894
76676 70808
76680 71010
76684 70499
76688 70154
76692 71483
76696 70748
76700 70661
76704 70704
76708 70604
76712 70518
76716 70690
76720 70608
76724 70647
76728 70690
76732 70604
76736 70786
76740 70501
76744 70635
76748 70253
76752 70362
76756 70276
76760 70176
76764 70219
76768 70133
76772 70181
76776 70095
76780 70769
76784 70683
76788 70597
76792 70511
76796 70994
76800 70994
76804 70994
76808 70843
76812 70951
76816 71135
76820 71135
76824 71135
76828 71135
76832 71135
76836 71135
76840 71135
76844 71135
76848 71135
76852 71135
76856 71135
76860 71135
76864 71135
76868 71135
76872 71135
76876 70319
76880 70355
76884 70809
76888 70670
76892 70212
76896 70809
76900 70670
76904 70214
76908 70809
76912 70670
76916 70633
76920 70809
76924 70670
76928 70489
76932 70809
76936 70670
76940 70348
76944 70670
76948 71023
76952 71122
76956 70682
76960 71023
76964 71122
76968 70682
76972 71023
76976 71122
76980 70682
76984 71023
76988 71122
76992 70682
76996 71023
77000 70670
77004 70604
77008 70942
77012 70853
77016 70781
77020 70682
77024 70853
77028 70267
77032 70853
77036 70192
77040 70853
77044 69997
77048 70853
77052 70054
77056 70853
77060 70376
77064 70637
77068 70853
77072 70377
77076 70658
77080 70734
77084 70658
77088 70820
77092 70658
77096 70562
77100 70313
77104 70658
77108 70513
77112 70661
77116 70300
77120 70551
77124 70522
77128 70668
77132 70620
77136 70155
77140 70883
77144 70692
77148 70807
77152 70136
77156 70853
77160 70718
77164 70139
77168 70853
77172 70718
77176 70275
77180 70853
77184 70589
77188 69936
77192 71023
77196 71023
77200 70853
77204 70576
77208 70853
77212 70533
77216 70853
77220 70490
77224 70853
77228 70705
77232 70853
77236 70662
77240 70853
77244 70619
77248 70853
77252 70562
77256 71023
77260 71087
77264 71023
77268 71023
77272 71023
77276 71023
77280 71023
77284 71023
77288 71023
77292 71023
77296 71023
77300 71023
77304 71023
77308 71023
77312 71023
77316 71023
77320 70549
77324 71166
77328 70307
77332 70434
77336 71166
77340 70437
77344 70593
77348 71166
77352 70179
77356 70618
77360 71166
77364 70320
77368 70489
77372 71166
77376 70409
77380 70618
77384 70838
77388 70838
77392 70838
77396 70838
77400 70838
77404 70838
77408 70838
77412 70838
77416 70838
77420 70838
77424 70838
77428 70838
77432 70838
77436 70838
77440 70838
77444 70838
77448 70838
77452 70727
77456 70116
77460 70835
77464 71200
77468 70475
77472 70954
77476 70635
77480 71200
77484 70129
77488 70997
77492 70781
77496 71200
77500 70237
77504 70897
77508 70695
77512 70945
77516 71470
77520 71119
77524 70634
77528 70794
77532 70837
77536 70751
77540 70665
77544 70579
77548 70622
77552 70665
77556 70579
77560 70622
77564 70665
77568 70579
77572 70548
77576 70663
77580 70809
77584 71061
77588 70938
77592 70857
77596 70938
77600 70653
77604 70938
77608 70264
77612 70373
77616 70129
77620 70043
77624 70086
77628 70006
77632 69920
77636 70229
77640 70647
77644 70216
77648 70375
77652 70578
77656 70216
77660 70259
77664 70173
77668 70216
77672 70136
77676 70050
77680 71094
77684 71068
77688 70543
77692 70694
77696 70758
77700 70193
77704 70535
77708 70380
77712 70607
77716 70219
77720 70797
77724 70397
77728 70440
77732 70483
77736 70397
77740 70440
77744 70483
77748 70526
77752 70440
77756 70870
77760 70577
77764 70620
77768 70584
77772 70475
77776 71332
77780 70994
77784 70994
77788 70994
77792 72197
77796 72197
77800 72197
77804 72197
77808 72197
77812 72197
77816 72197
77820 72197
77824 72197
77828 72197
77832 72197
77836 70939
77840 70632
77844 71001
77848 70441
77852 70350
77856 71371
77860 71457
77864 70597
77868 71475
77872 70554
77876 71219
77880 70685
77884 70442
77888 70356
77892 70391
77896 70296
77900 70809
77904 70861
77908 70812
77912 70498
77916 70599
77920 70455
77924 70416
77928 70527
77932 70373
77936 70919
77940 70833
77944 70747
77948 70747
77952 71073
77956 71116
77960 70758
77964 70491
77968 70491
77972 70809
77976 70448
77980 70858
77984 70223
77988 70758
77992 70858
77996 70094
78000 70758
78004 70858
78008 70094
78012 70758
78016 70858
78020 70237
78024 70758
78028 70686
78032 71416
78036 70260
78040 70758
78044 70887
78048 70052
78052 70887
78056 70144
78060 70887
78064 70936
78068 70941
78072 70887
78076 70035
78080 70887
78084 69842
78088 70887
78092 71195
78096 71751
78100 70858
78104 70831
78108 70601
78112 71540
78116 70886
78120 71303
78124 71759
78128 71435
78132 71759
78136 71392
78140 71759
78144 71349
78148 71759
78152 70724
78156 71952
78160 71192
78164 70787
78168 71630
78172 70688
78176 71764
78180 71399
78184 70404
78188 70742
78192 71764
78196 70570
78200 71764
78204 70443
78208 71764
78212 70271
78216 71952
78220 70853
78224 70541
78228 71190
78232 70360
78236 70599
78240 70845
78244 70845
78248 70845
78252 70845
78256 70845
78260 70845
78264 70845
78268 70845
78272 70845
78276 70845
78280 70845
78284 70845
78288 70845
78292 70845
78296 70845
78300 70845
78304 70845
78308 70845
78312 70845
78316 70983
78320 70123
78324 71339
78328 70912
78332 71339
78336 71382
78340 71357
78344 70551
78348 71377
78352 70892
78356 70826
78360 71377
78364 70892
78368 70665
78372 71377
78376 70892
78380 70761
78384 71377
78388 70892
78392 70761
78396 71377
78400 70892
78404 70503
78408 70197
78412 70857
78416 71817
78420 71817
78424 71817
78428 71817
78432 71817
78436 71817
78440 71817
78444 70704
78448 70765
78452 71817
78456 71817
78460 71817
78464 71817
78468 71817
78472 72325
78476 71463
78480 70383
78484 72325
78488 70617
78492 70946
78496 70882
78500 72325
78504 70451
78508 70815
78512 70484
78516 72325
78520 70409
78524 70740
78528 71066
78532 72325
78536 71370
78540 70400
78544 71220
78548 70985
78552 70284
78556 70574
78560 70481
78564 70491
78568 70648
78572 70789
78576 71319
78580 70845
78584 70705
78588 70619
78592 70569
78596 70612
78600 71319
78604 71062
78608 70845
78612 70528
78616 71039
78620 70845
78624 70687
78628 70845
78632 70923
78636 70845
78640 71319
78644 70845
78648 71276
78652 71488
78656 71062
78660 71488
78664 70198
78668 70204
78672 70669
78676 71488
78680 70740
78684 70531
78688 71185
78692 71488
78696 70883
78700 70910
78704 70937
78708 70964
78712 70862
78716 71046
78720 71287
78724 71488
78728 70822
78732 71483
78736 70877
78740 71092
78744 71417
78748 71444
78752 71430
78756 71541
78760 71277
78764 70867
78768 71014
78772 71347
78776 70508
78780 70732
78784 71347
78788 70379
78792 70309
78796 70736
78800 71060
78804 71823
78808 70856
78812 71823
78816 70652
78820 71823
78824 70252
78828 71446
78832 71345
78836 71243
78840 71141
78844 70712
78848 71066
78852 70793
78856 70694
78860 71451
78864 70754
78868 70646
78872 70419
78876 70333
78880 70505
78884 70419
78888 70333
78892 70376
78896 70310
78900 70431
78904 70474
78908 70388
78912 70302
78916 70345
78920 70580
78924 70461
78928 70939
78932 70745
78936 71326
78940 70609
78944 70939
78948 70591
78952 70333
78956 70512
78960 70939
78964 70723
78968 70785
78972 70699
78976 70850
78980 70968
78984 71544
78988 70349
78992 70462
78996 70565
79000 71544
79004 70978
79008 70727
79012 70875
79016 71033
79020 70368
79024 70855
79028 71673
79032 70978
79036 70909
79040 70174
79044 70034
79048 70861
79052 71080
79056 70421
79060 70504
79064 70364
79068 70461
79072 70187
79076 71106
79080 70978
79084 70460
79088 70913
79092 71278
79096 70978
79100 70364
79104 70092
79108 71436
79112 70844
79116 70780
79120 71040
79124 71437
79128 71120
79132 71465
79136 71437
79140 70991
79144 71265
79148 70819
79152 71301
79156 71003
79160 70938
79164 71223
79168 71223
79172 71223
79176 71317
79180 71159
79184 71089
79188 71183
79192 70930
79196 71189
79200 71396
79204 71183
79208 70930
79212 71005
79216 70930
79220 70721
79224 70036
79228 70721
79232 70518
79236 70721
79240 71217
79244 71414
79248 71216
79252 71033
79256 70676
79260 71896
79264 71262
79268 70582
79272 70681
79276 70410
79280 70681
79284 70703
79288 70681
79292 70660
79296 70681
79300 70617
79304 70676
79308 71011
79312 70676
79316 70323
79320 70625
79324 71075
79328 70992
79332 71075
79336 70949
79340 71075
79344 70777
79348 71075
79352 71013
79356 71075
79360 70970
79364 71075
79368 70832
79372 70588
79376 70321
79380 71075
79384 70350
79388 70644
79392 70307
79396 70598
79400 71023
79404 70687
79408 71109
79412 70912
79416 71066
79420 70727
79424 71023
79428 70552
79432 71075
79436 71261
79440 71614
79444 71528
79448 71571
79452 70863
79456 70964
79460 70786
79464 71050
79468 70693
79472 70878
79476 71016
79480 71059
79484 71024
79488 70657
79492 71059
79496 71059
79500 70930
79504 70930
79508 70930
79512 70930
79516 70930
79520 70930
79524 70930
79528 70930
79532 70930
79536 70930
79540 70930
79544 70930
79548 70930
79552 70930
79556 70930
79560 71059
79564 70958
79568 70464
79572 70473
79576 70548
79580 71424
79584 71549
79588 70385
79592 71267
79596 70547
79600 70547
79604 70547
79608 70547
79612 70547
79616 70547
79620 70547
79624 70718
79628 71557
79632 71406
79636 71406
79640 71406
79644 71406
79648 71058
79652 70380
79656 70142
79660 71118
79664 71118
79668 71118
79672 71118
79676 71118
79680 71118
79684 71118
79688 70559
79692 71260
79696 71260
79700 71260
79704 71260
79708 71260
79712 71260
79716 71260
79720 71260
79724 71260
79728 71260
79732 71260
79736 71260
79740 71260
79744 71260
79748 71260
79752 71260
79756 71025
79760 71447
79764 71243
79768 71275
79772 70841
79776 71361
79780 71275
79784 70842
79788 71361
79792 70900
79796 70913
79800 70641
79804 71067
79808 70478
79812 70505
79816 70989
79820 70930
79824 71317
79828 70610
79832 70356
79836 71317
79840 71003
79844 71317
79848 70640
79852 70554
79856 70468
79860 71078
79864 71208
79868 70708
79872 71317
79876 71704
79880 70708
79884 71221
79888 71025
79892 71025
79896 71025
79900 71025
79904 71025
79908 71025
79912 71025
79916 70696
79920 70418
79924 70245
79928 70418
79932 70339
79936 71540
79940 71540
79944 71411
79948 70481
79952 70848
79956 70746
79960 70644
79964 70542
79968 70440
79972 70745
79976 70383
79980 70670
79984 70833
79988 70231
79992 70267
79996 70412
