8 18
24 5
40 4
56 4
72 4
88 5
104 4
120 4
136 4
152 4
168 4
184 4
200 4
216 4
232 4
248 4
264 4
280 4
296 4
312 4
328 4
344 4
360 4
376 4
392 4
408 4
424 4
440 4
456 4
472 4
488 4
504 4
520 5
536 5
552 5
568 5
584 5
600 5
616 5
632 5
648 5
664 5
680 5
696 5
712 5
728 5
744 5
760 5
776 5
792 5
808 5
824 5
840 5
856 5
872 5
888 5
904 5
920 5
936 5
952 5
968 5
984 5
1000 5
1016 5
1032 5
1048 5
1064 5
1080 5
1096 5
1112 5
1128 5
1144 5
1160 5
1176 10
1192 5
1208 5
1224 5
1240 5
1256 5
1272 5
1288 5
1304 5
1320 5
1336 5
1352 5
1368 5
1384 5
1400 5
1416 5
1432 5
1448 5
1464 5
1480 5
1496 5
1512 5
1528 5
1544 5
1560 5
1576 5
1592 5
1608 5
1624 5
1640 5
1656 5
1672 5
1688 5
1704 5
1720 5
1736 5
1752 5
1768 5
1784 5
1800 5
1816 5
1832 5
1848 5
1864 5
1880 5
1896 5
1912 5
1928 5
1944 5
1960 5
1976 5
1992 5
2008 5
2024 5
2040 5
2056 5
2072 5
2088 5
2104 5
2120 5
2136 5
2152 5
2168 5
2184 5
2200 5
2216 5
2232 5
2248 5
2264 5
2280 5
2296 5
2312 5
2328 5
2344 5
2360 5
2376 5
2392 5
2408 5
2424 5
2440 5
2456 5
2472 5
2488 5
2504 5
2520 5
2536 5
2552 5
2568 5
2584 5
2600 5
2616 5
2632 5
2648 5
2664 6
2680 5
2696 5
2712 5
2728 5
2744 5
2760 5
2776 5
2792 5
2808 5
2824 5
2840 5
2856 5
2872 5
2888 5
2904 5
2920 5
2936 5
2952 5
2968 5
2984 5
3000 5
3016 5
3032 5
3048 5
3064 5
3080 5
3096 5
3112 5
3128 5
3144 5
3160 5
3176 5
3192 5
3208 5
3224 5
3240 5
3256 5
3272 5
3288 5
3304 5
3320 5
3336 5
3352 5
3368 5
3384 5
3400 5
3416 5
3432 5
3448 5
3464 5
3480 5
3496 5
3512 4
3528 4
3544 4
3560 4
3576 4
3592 4
3608 4
3624 4
3640 4
3656 4
3672 4
3688 4
3704 4
3720 4
3736 4
3752 4
3768 4
3784 4
3800 4
3816 4
3832 4
3848 4
3864 4
3880 4
3896 4
3912 8
3928 4
3944 4
3960 4
3976 4
3992 4
4008 4
4024 4
4040 4
4056 4
4072 4
4088 4
4104 4
4120 4
4136 4
4152 4
4168 4
4184 4
4200 4
4216 4
4232 4
4248 5
4264 5
4280 4
4296 5
4312 5
4328 5
4344 5
4360 5
4376 5
4392 5
4408 5
4424 5
4440 5
4456 5
4472 5
4488 5
4504 5
4520 6
4536 6
4552 6
4568 6
4584 6
4600 6
4616 9
4632 6
4648 6
4664 6
4680 6
4696 6
4712 6
4728 6
4744 6
4760 6
4776 6
4792 6
4808 6
4824 6
4840 6
4856 6
4872 6
4888 6
4904 6
4920 6
4936 6
4952 6
4968 6
4984 6
5000 6
5016 6
5032 6
5048 6
5064 6
5080 6
5096 6
5112 6
5128 6
5144 6
5160 6
5176 6
5192 6
5208 6
5224 6
5240 6
5256 6
5272 6
5288 6
5304 6
5320 6
5336 6
5352 6
5368 6
5384 6
5400 6
5416 6
5432 6
5448 6
5464 6
5480 6
5496 6
5512 6
5528 6
5544 6
5560 6
5576 6
5592 6
5608 6
5624 6
5640 6
5656 6
5672 6
5688 6
5704 6
5720 6
5736 6
5752 6
5768 6
5784 6
5800 6
5816 6
5832 6
5848 6
5864 6
5880 6
5896 6
5912 6
5928 6
5944 6
5960 6
5976 6
5992 6
6008 6
6024 6
6040 6
6056 6
6072 6
6088 6
6104 6
6120 6
6136 6
6152 6
6168 6
6184 6
6200 6
6216 6
6232 6
6248 6
6264 6
6280 6
6296 6
6312 6
6328 6
6344 6
6360 6
6376 6
6392 6
6408 6
6424 6
6440 6
6456 6
6472 6
6488 6
6504 6
6520 6
6536 6
6552 6
6568 6
6584 6
6600 6
6616 6
6632 6
6648 6
6664 6
6680 6
6696 6
6712 11
6728 6
6744 6
6760 7
6776 6
6792 6
6808 6
6824 6
6840 6
6856 7
6872 6
6888 6
6904 6
6920 6
6936 6
6952 6
6968 6
6984 6
7000 6
7016 6
7032 6
7048 6
7064 6
7080 6
7096 6
7112 6
7128 6
7144 6
7160 6
7176 6
7192 6
7208 6
7224 6
7240 6
7256 6
7272 6
7288 6
7304 6
7320 6
7336 6
7352 8
7368 6
7384 6
7400 6
7416 6
7432 6
7448 6
7464 6
7480 6
7496 6
7512 6
7528 6
7544 6
7560 6
7576 6
7592 6
7608 6
7624 6
7640 6
7656 6
7672 6
7688 6
7704 6
7720 6
7736 6
7752 6
7768 6
7784 6
7800 6
7816 6
7832 6
7848 6
7864 6
7880 6
7896 6
7912 6
7928 6
7944 6
7960 6
7976 6
7992 6
8008 6
8024 6
8040 6
8056 6
8072 6
8088 6
8104 6
8120 6
8136 6
8152 6
8168 6
8184 6
8200 6
8216 6
8232 6
8248 6
8264 6
8280 6
8296 6
8312 6
8328 6
8344 6
8360 6
8376 8
8392 7
8408 8
8424 10
8440 9
8456 9
8472 14
8488 9
8504 7
8520 8
8536 8
8552 7
8568 8
8584 7
8600 8
8616 7
8632 7
8648 7
8664 6
8680 7
8696 6
8712 6
8728 6
8744 6
8760 6
8776 6
8792 6
8808 6
8824 6
8840 6
8856 6
8872 6
8888 6
8904 6
8920 6
8936 6
8952 6
8968 6
8984 6
9000 6
9016 6
9032 6
9048 6
9064 6
9080 6
9096 6
9112 6
9128 6
9144 6
9160 6
9176 6
9192 6
9208 6
9224 6
9240 6
9256 6
9272 6
9288 6
9304 6
9320 6
9336 6
9352 6
9368 6
9384 6
9400 6
9416 5
9432 6
9448 6
9464 6
9480 6
9496 6
9512 6
9528 6
9544 6
9560 6
9576 6
9592 6
9608 6
9624 6
9640 6
9656 6
9672 6
9688 6
9704 6
9720 6
9736 5
9752 5
9768 6
9784 5
9800 6
9816 6
9832 5
9848 6
9864 6
9880 5
9896 5
9912 5
9928 5
9944 6
9960 6
9976 6
9992 6
10008 6
10024 6
10040 6
10056 6
10072 5
10088 6
10104 6
10120 6
10136 6
10152 6
10168 6
10184 5
10200 6
10216 5
10232 5
10248 5
10264 6
10280 6
10296 6
10312 5
10328 6
10344 5
10360 10
10376 6
10392 5
10408 6
10424 5
10440 6
10456 5
10472 5
10488 6
10504 5
10520 6
10536 6
10552 6
10568 7
10584 6
10600 6
10616 6
10632 6
10648 5
10664 6
10680 5
10696 5
10712 6
10728 5
10744 5
10760 6
10776 6
10792 5
10808 6
10824 6
10840 5
10856 6
10872 6
10888 6
10904 7
10920 6
10936 6
10952 5
10968 5
10984 5
11000 6
11016 5
11032 5
11048 6
11064 5
11080 5
11096 5
11112 6
11128 5
11144 6
11160 5
11176 5
11192 5
11208 5
11224 5
11240 6
11256 6
11272 5
11288 8
11304 6
11320 5
11336 6
11352 6
11368 5
11384 6
11400 6
11416 6
11432 5
11448 6
11464 6
11480 6
11496 5
11512 6
11528 6
11544 5
11560 5
11576 6
11592 5
11608 6
11624 6
11640 6
11656 6
11672 8
11688 5
11704 6
11720 5
11736 6
11752 6
11768 5
11784 6
11800 5
11816 5
11832 6
11848 6
11864 6
11880 6
11896 6
11912 5
11928 7
11944 5
11960 5
11976 6
11992 5
12008 6
12024 6
12040 6
12056 5
12072 5
12088 6
12104 6
12120 6
12136 6
12152 6
12168 6
12184 5
12200 6
12216 6
12232 5
12248 5
12264 6
12280 6
12296 6
12312 6
12328 6
12344 5
12360 5
12376 5
12392 6
12408 6
12424 6
12440 5
12456 6
12472 6
12488 5
12504 6
12520 6
12536 6
12552 6
12568 6
12584 5
12600 6
12616 6
12632 6
12648 6
12664 5
12680 6
12696 6
12712 6
12728 6
12744 5
12760 6
12776 6
12792 6
12808 5
12824 6
12840 5
12856 6
12872 7
12888 5
12904 6
12920 6
12936 6
12952 6
12968 6
12984 6
13000 5
13016 6
13032 5
13048 6
13064 6
13080 6
13096 5
13112 6
13128 6
13144 6
13160 5
13176 5
13192 5
13208 5
13224 6
13240 5
13256 6
13272 5
13288 6
13304 6
13320 5
13336 6
13352 6
13368 6
13384 6
13400 6
13416 6
13432 6
13448 6
13464 5
13480 6
13496 6
13512 5
13528 6
13544 6
13560 6
13576 6
13592 6
13608 6
13624 6
13640 5
13656 6
13672 5
13688 6
13704 5
13720 5
13736 6
13752 6
13768 6
13784 6
13800 6
13816 5
13832 6
13848 6
13864 6
13880 6
13896 6
13912 6
13928 6
13944 6
13960 6
13976 6
13992 6
14008 5
14024 6
14040 6
14056 5
14072 6
14088 5
14104 5
14120 5
14136 6
14152 6
14168 6
14184 5
14200 6
14216 6
14232 5
14248 6
14264 6
14280 5
14296 6
14312 6
14328 6
14344 5
14360 6
14376 6
14392 6
14408 6
14424 6
14440 6
14456 6
14472 5
14488 6
14504 6
14520 6
14536 6
14552 6
14568 6
14584 6
14600 6
14616 6
14632 6
14648 6
14664 6
14680 6
14696 6
14712 6
14728 6
14744 6
14760 6
14776 6
14792 6
14808 6
14824 6
14840 6
14856 5
14872 5
14888 5
14904 6
14920 6
14936 6
14952 7
14968 6
14984 6
15000 6
15016 6
15032 6
15048 6
15064 6
15080 6
15096 6
15112 6
15128 6
15144 6
15160 6
15176 6
15192 6
15208 6
15224 6
15240 6
15256 6
15272 6
15288 6
15304 6
15320 6
15336 6
15352 6
15368 6
15384 6
15400 6
15416 6
15432 6
15448 6
15464 6
15480 6
15496 6
15512 6
15528 6
15544 6
15560 6
15576 7
15592 8
15608 7
15624 6
15640 5
15656 6
15672 6
15688 8
15704 6
15720 6
15736 6
15752 6
15768 6
15784 5
15800 6
15816 6
15832 6
15848 8
15864 6
15880 6
15896 6
15912 6
15928 6
15944 6
15960 6
15976 6
15992 6
16008 6
16024 6
16040 6
16056 6
16072 6
16088 7
16104 6
16120 6
16136 6
16152 6
16168 6
16184 6
16200 8
16216 6
16232 6
16248 6
16264 6
16280 6
16296 6
16312 6
16328 6
16344 6
16360 6
16376 6
