32000 3.05475e+06
32008 2990480
32016 1.00274e+06
32024 732542
32032 732441
32040 732401
32048 732647
32056 742105
32064 728329
32072 710762
32080 719381
32088 709625
32096 699019
32104 699011
32112 699016
32120 699656
32128 689131
32136 696144
32144 700828
32152 755689
32160 685264
32168 666453
32176 648955
32184 648890
32192 648892
32200 648956
32208 655791
32216 647478
32224 639417
32232 630857
32240 615899
32248 611751
32256 611657
32264 613308
32272 613332
32280 617722
32288 612101
32296 600223
32304 589423
32312 589471
32320 594394
32328 582186
32336 582310
32344 575439
32352 575379
32360 575397
32368 575405
32376 575445
32384 584780
32392 568111
32400 567946
32408 567914
32416 560647
32424 560725
32432 560652
32440 560673
32448 560677
32456 560632
32464 560828
32472 560685
32480 560681
32488 560648
32496 560566
32504 560728
32512 560621
32520 560704
32528 560636
32536 560580
32544 563080
32552 569905
32560 560656
32568 560573
32576 560623
32584 560727
32592 560666
32600 560667
32608 562800
32616 564479
32624 668585
32632 704505
32640 671771
32648 664415
32656 643465
32664 607923
32672 578851
32680 562111
32688 563043
32696 572862
32704 560053
32712 560511
32720 560385
32728 560200
32736 560410
32744 560377
32752 560455
32760 560321
32768 560546
32776 573047
32784 572972
32792 572929
32800 573023
32808 572924
32816 573119
32824 578265
32832 714527
32840 911845
32848 878728
32856 827019
32864 766942
32872 865683
32880 735975
32888 652203
32896 705355
32904 812901
32912 989246
32920 1085806
32928 1.05144e+06
32936 1.04586e+06
32944 991591
32952 1047692
32960 822591
32968 732921
32976 667693
32984 618817
32992 597725
33000 592934
33008 583564
33016 614985
33024 604066
33032 595491
33040 595835
33048 603069
33056 592909
33064 579234
33072 579556
33080 581083
33088 626371
33096 575929
33104 577579
33112 577433
33120 577816
33128 577481
33136 577533
33144 575763
33152 597598
33160 615960
33168 578355
33176 579923
33184 579863
33192 578759
33200 580043
33208 611659
33216 580115
33224 584455
33232 583373
33240 616785
33248 611701
33256 584943
33264 585048
33272 618682
33280 584993
33288 588881
33296 590876
33304 592228
33312 590584
33320 587191
33328 590074
33336 588171
33344 589853
33352 590806
33360 592418
33368 594262
33376 592334
33384 593839
33392 596342
33400 617547
33408 594163
33416 597344
33424 594301
33432 598310
33440 598103
33448 598735
33456 596429
33464 596926
33472 594806
33480 666057
33488 623773
33496 599696
33504 609631
33512 601622
33520 598897
33528 629288
33536 599209
33544 604349
33552 602428
33560 602429
33568 602377
33576 602351
33584 602415
33592 602695
33600 602936
33608 606715
33616 606499
33624 606366
33632 606407
33640 607030
33648 606699
33656 607913
33664 606280
33672 610050
33680 610622
33688 610145
33696 609429
33704 610004
33712 607203
33720 612139
33728 610399
33736 640755
33744 613809
33752 613927
33760 613962
33768 614154
33776 613953
33784 617495
33792 613700
33800 617952
33808 621413
33816 618475
33824 618623
33832 618516
33840 621085
33848 618775
33856 618363
33864 622140
33872 618457
33880 658291
33888 622466
33896 622416
33904 624434
33912 624218
33920 622301
33928 622170
33936 626145
33944 622287
33952 625627
33960 621523
33968 627398
33976 625355
33984 627163
33992 629343
34000 631410
34008 629906
34016 631015
34024 629954
34032 659592
34040 629487
34048 629957
34056 632814
34064 633060
34072 632764
34080 632555
34088 632893
34096 634792
34104 632318
34112 632584
34120 637363
34128 638837
34136 643667
34144 637339
34152 638019
34160 637735
34168 637973
34176 637932
34184 641421
34192 641746
34200 641315
34208 641162
34216 641328
34224 641512
34232 641673
34240 641747
34248 645560
34256 646218
34264 645542
34272 647823
34280 646221
34288 645802
34296 645983
34304 646104
34312 651844
34320 651987
34328 651885
34336 651881
34344 652313
34352 652104
34360 651711
34368 652011
34376 656048
34384 658075
34392 654802
34400 656154
34408 657451
34416 655856
34424 655847
34432 655900
34440 659387
34448 659269
34456 659449
34464 659511
34472 659314
34480 659275
34488 659235
34496 659995
34504 663436
34512 663805
34520 636621
34528 636150
34536 636479
34544 636637
34552 637447
34560 635824
34568 637438
34576 638393
34584 638325
34592 638135
34600 638223
34608 637832
34616 637881
34624 637984
34632 640171
34640 654599
34648 654597
34656 654951
34664 655015
34672 652434
34680 654366
34688 652732
34696 656278
34704 650058
34712 649879
34720 649804
34728 656335
34736 650057
34744 650214
34752 650077
34760 652201
34768 652507
34776 659252
34784 652897
34792 652943
34800 659435
34808 652870
34816 659183
34824 657481
34832 662345
34840 655486
34848 662239
34856 656309
34864 656820
34872 655625
34880 655403
34888 658815
34896 666070
34904 658943
34912 665513
34920 658935
34928 665727
34936 665867
34944 665458
34952 668905
34960 667220
34968 665670
34976 663279
34984 663160
34992 663311
35000 663123
35008 663223
35016 668338
35024 669019
35032 668319
35040 668987
35048 668655
35056 668611
35064 668447
35072 668777
35080 670059
35088 672109
35096 670687
35104 691795
35112 730680
35120 691819
35128 692139
35136 692335
35144 697283
35152 697175
35160 696967
35168 697388
35176 696891
35184 696951
35192 697193
35200 697369
35208 699994
35216 701995
35224 699600
35232 703644
35240 700860
35248 701202
35256 701259
35264 701608
35272 705198
35280 705109
35288 705313
35296 705113
35304 757887
35312 705071
35320 704639
35328 705035
35336 708019
35344 710709
35352 707767
35360 707803
35368 707967
35376 708001
35384 707641
35392 707978
35400 712608
35408 712967
35416 712644
35424 712837
35432 712569
35440 712315
35448 712418
35456 712485
35464 716349
35472 718607
35480 714610
35488 717448
35496 713743
35504 713989
35512 713954
35520 714074
35528 718219
35536 718763
35544 717823
35552 718281
35560 718317
35568 718754
35576 718600
35584 718681
35592 721929
35600 724978
35608 720943
35616 721085
35624 721453
35632 721280
35640 721234
35648 721102
35656 725619
35664 725989
35672 725556
35680 726050
35688 725818
35696 725603
35704 725399
35712 725428
35720 727366
35728 730947
35736 727392
35744 730667
35752 728519
35760 728361
35768 728271
35776 728887
35784 703526
35792 702642
35800 702620
35808 702734
35816 703123
35824 702927
35832 702801
35840 702886
35848 707488
35856 706145
35864 705984
35872 705705
35880 705633
35888 706441
35896 706569
35904 706699
35912 710051
35920 710011
35928 710200
35936 710249
35944 709633
35952 710135
35960 709879
35968 709910
35976 712741
35984 712911
35992 714249
36000 714775
36008 712979
36016 712981
36024 713199
36032 713131
36040 716132
36048 716264
36056 716178
36064 715832
36072 716023
36080 715957
36088 715999
36096 717902
36104 718253
36112 718625
36120 718511
36128 717950
36136 718099
36144 718712
36152 718436
36160 718321
36168 720249
36176 722662
36184 722012
36192 722041
36200 722123
36208 721907
36216 721341
36224 721663
36232 725303
36240 723487
36248 723425
36256 723334
36264 723324
36272 723483
36280 725024
36288 723149
36296 726575
36304 725702
36312 725852
36320 725973
36328 725726
36336 753001
36344 723801
36352 723717
36360 696438
36368 667343
36376 664119
36384 664027
36392 664401
36400 664181
36408 664328
36416 663975
36424 666185
36432 665920
36440 666539
36448 666557
36456 665999
36464 666792
36472 666121
36480 666934
36488 669777
36496 668799
36504 668143
36512 668495
36520 668645
36528 668608
36536 668696
36544 668495
36552 672143
36560 670679
36568 670567
36576 670561
36584 670309
36592 670937
36600 670319
36608 711148
36616 672008
36624 672358
36632 671557
36640 672573
36648 672370
36656 672345
36664 672283
36672 674595
36680 674166
36688 674530
36696 674126
36704 674960
36712 674555
36720 674361
36728 674389
36736 675003
36744 676021
36752 675691
36760 706005
36768 674279
36776 675941
36784 676062
36792 676254
36800 675982
36808 678115
36816 707227
36824 677051
36832 677564
36840 677238
36848 678116
36856 677441
36864 677666
36872 682161
36880 679181
36888 682390
36896 680163
36904 717044
36912 679755
36920 679510
36928 679741
36936 680157
36944 680951
36952 680163
36960 680380
36968 681087
36976 680457
36984 681310
36992 680837
37000 683197
37008 683787
37016 683886
37024 685412
37032 683323
37040 685963
37048 685179
37056 685731
37064 689899
37072 690019
37080 690341
37088 687784
37096 688054
37104 687865
37112 687856
37120 688205
37128 688839
37136 719600
37144 689399
37152 689737
37160 689684
37168 689974
37176 689647
37184 689588
37192 690740
37200 691531
37208 691497
37216 691434
37224 691593
37232 691141
37240 690933
37248 690759
37256 692438
37264 692055
37272 692924
37280 693193
37288 694485
37296 691328
37304 691626
37312 690825
37320 693577
37328 693014
37336 693769
37344 694521
37352 692523
37360 693531
37368 692685
37376 693483
37384 694703
37392 694633
37400 740359
37408 695814
37416 695201
37424 695597
37432 695802
37440 696743
37448 696964
37456 697457
37464 697005
37472 696901
37480 696363
37488 697329
37496 696357
37504 697256
37512 698414
37520 698047
37528 698635
37536 699161
37544 698250
37552 700119
37560 697942
37568 698420
37576 699891
37584 701076
37592 700834
