24000 3004196
24008 3027736
24016 1967058
24024 529334
24032 529164
24040 529298
24048 529196
24056 529306
24064 529138
24072 529092
24080 529414
24088 529166
24096 529362
24104 529248
24112 529232
24120 645094
24128 539118
24136 539248
24144 539252
24152 539328
24160 539070
24168 626430
24176 581830
24184 539150
24192 539174
24200 539202
24208 539192
24216 539168
24224 539196
24232 539166
24240 539112
24248 539258
24256 539010
24264 539108
24272 539266
24280 539176
24288 539204
24296 538912
24304 539246
24312 539244
24320 539164
24328 539054
24336 538860
24344 538990
24352 538980
24360 539034
24368 539094
24376 538988
24384 539074
24392 538888
24400 538978
24408 538920
24416 538934
24424 538976
24432 539090
24440 539058
24448 538972
24456 547460
24464 538778
24472 538962
24480 538936
24488 538880
24496 538970
24504 538938
24512 539014
24520 538844
24528 538772
24536 538818
24544 538950
24552 538844
24560 538954
24568 539102
24576 538916
24584 538892
24592 538704
24600 538784
24608 538766
24616 538896
24624 538742
24632 538716
24640 538938
24648 538758
24656 538778
24664 538932
24672 538866
24680 538764
24688 628232
24696 618018
24704 650954
24712 1121984
24720 813664
24728 644802
24736 578274
24744 627384
24752 529346
24760 531592
24768 529204
24776 655226
24784 538822
24792 538940
24800 538902
24808 538710
24816 538808
24824 538662
24832 538952
24840 538802
24848 538864
24856 538862
24864 538804
24872 538856
24880 538790
24888 538804
24896 538980
24904 538654
24912 538866
24920 538722
24928 538788
24936 538618
24944 538874
24952 538796
24960 538660
24968 538964
24976 538862
24984 591472
24992 808748
25000 989044
25008 908312
25016 1022866
25024 916576
25032 846190
25040 833078
25048 839496
25056 896322
25064 901210
25072 687134
25080 670190
25088 709404
25096 529206
25104 529306
25112 529312
25120 529346
25128 529272
25136 529298
25144 529226
25152 529296
25160 572340
25168 529364
25176 529310
25184 529350
25192 529180
25200 692422
25208 538896
25216 538788
25224 538590
25232 538680
25240 538712
25248 538756
25256 538814
25264 538854
25272 538866
25280 538826
25288 538746
25296 538556
25304 538700
25312 538728
25320 538802
25328 538724
25336 538900
25344 538662
25352 538816
25360 538532
25368 538528
25376 538748
25384 699530
25392 538618
25400 538790
25408 538826
25416 538678
25424 538750
25432 538558
25440 538672
25448 538534
25456 538696
25464 538788
25472 620160
25480 538674
25488 538568
25496 538476
25504 538560
25512 538544
25520 538650
25528 538416
25536 538476
25544 538320
25552 538362
25560 538416
25568 538490
25576 538540
25584 538326
25592 538388
25600 538520
25608 538324
25616 538416
25624 538492
25632 538498
25640 538292
25648 656570
25656 538300
25664 538478
25672 538376
25680 538394
25688 538318
25696 538380
25704 538306
25712 538394
25720 544388
25728 538656
25736 538400
25744 538500
25752 542394
25760 538564
25768 538354
25776 538360
25784 538458
25792 538298
25800 538464
25808 538510
25816 538340
25824 538148
25832 538522
25840 538316
25848 538424
25856 538400
25864 538332
25872 538418
25880 538372
25888 538600
25896 538538
25904 538550
25912 538354
25920 538532
25928 538830
25936 538494
25944 538506
25952 538476
25960 538482
25968 538422
25976 538570
25984 538408
25992 538544
26000 538316
26008 579126
26016 574736
26024 538458
26032 538552
26040 538490
26048 538512
26056 544802
26064 538474
26072 538488
26080 538412
26088 538674
26096 538358
26104 538476
26112 538616
26120 538658
26128 538672
26136 538606
26144 538474
26152 538580
26160 538510
26168 538446
26176 538488
26184 538632
26192 538526
26200 538576
26208 538616
26216 538618
26224 538480
26232 538608
26240 538342
26248 538544
26256 538480
26264 538462
26272 538434
26280 538528
26288 538638
26296 538534
26304 538540
26312 538530
26320 540232
26328 538396
26336 538400
26344 538588
26352 538322
26360 538588
26368 538530
26376 538338
26384 538362
26392 538250
26400 538794
26408 538248
26416 538460
26424 538448
26432 538398
26440 538324
26448 538318
26456 538206
26464 538284
26472 538254
26480 538264
26488 538286
26496 538268
26504 538160
26512 538266
26520 541822
26528 541854
26536 541882
26544 541732
26552 541768
26560 541980
26568 541776
26576 541898
26584 541752
26592 541754
26600 541970
26608 541486
26616 541796
26624 541824
26632 541450
26640 541534
26648 541588
26656 541572
26664 541632
26672 541598
26680 541634
26688 541684
26696 541720
26704 541574
26712 541578
26720 541646
26728 541558
26736 547494
26744 541446
26752 541562
26760 541472
26768 541446
26776 541486
26784 541516
26792 541560
26800 541514
26808 541342
26816 541442
26824 541560
26832 541376
26840 541616
26848 541442
26856 541544
26864 541408
26872 541538
26880 541394
26888 541374
26896 541650
26904 541572
26912 541608
26920 541526
26928 541500
26936 541466
26944 541448
26952 541694
26960 541524
26968 541572
26976 541562
26984 541508
26992 541566
27000 541494
27008 541534
27016 541630
27024 541512
27032 541678
27040 541418
27048 541698
27056 541574
27064 541688
27072 546692
27080 541784
27088 541736
27096 541552
27104 541558
27112 541584
27120 541762
27128 541532
27136 541510
27144 541536
27152 541814
27160 627690
27168 572284
27176 541574
27184 541794
27192 541606
27200 541638
27208 541534
27216 541668
27224 541652
27232 541630
27240 541572
27248 541734
27256 541774
27264 541744
27272 541652
27280 541656
27288 541680
27296 541686
27304 541568
27312 541636
27320 541724
27328 541608
27336 541350
27344 541530
27352 541546
27360 541582
27368 541672
27376 541510
27384 541620
27392 541706
27400 547166
27408 541476
27416 541530
27424 541576
27432 541508
27440 541466
27448 541346
27456 541406
27464 541498
27472 541418
27480 541426
27488 541412
27496 541398
27504 541484
27512 541464
27520 541348
27528 541334
27536 541274
27544 541424
27552 541212
27560 541344
27568 541214
27576 541286
27584 541312
27592 541276
27600 541284
27608 541288
27616 541462
27624 541254
27632 541466
27640 540988
27648 541474
27656 541222
27664 541132
27672 541148
27680 541122
27688 541204
27696 541234
27704 541138
27712 540994
27720 541078
27728 541096
27736 546862
27744 540908
27752 541256
27760 541104
27768 540980
27776 541002
27784 541066
27792 541252
27800 541114
27808 541148
27816 541012
27824 541082
27832 541116
27840 540986
27848 606138
27856 596166
27864 541122
27872 540974
27880 541064
27888 540896
27896 541098
27904 540962
27912 541062
27920 541226
27928 541112
27936 541028
27944 541154
27952 540962
27960 541236
27968 541128
27976 541182
27984 540948
27992 541110
28000 540996
28008 541112
28016 541110
28024 541060
28032 541034
28040 541162
28048 541092
28056 541200
28064 541126
28072 548776
28080 541144
28088 541148
28096 541210
28104 541176
28112 541258
28120 540998
28128 541296
28136 541104
28144 540894
28152 541162
28160 541170
28168 541272
28176 541220
28184 541198
28192 541072
28200 541104
28208 541282
28216 541286
28224 541294
28232 541124
28240 541118
28248 541278
28256 541320
28264 541278
28272 541282
28280 541170
28288 541094
28296 541204
28304 541214
28312 541248
28320 541250
28328 541406
28336 541080
28344 541180
28352 541216
28360 541198
28368 541016
28376 541130
28384 541110
28392 541042
28400 541228
28408 551050
28416 541220
28424 541026
28432 541004
28440 541026
28448 540892
28456 541084
28464 541114
28472 541266
28480 540900
28488 541090
28496 540876
28504 541022
28512 540878
28520 541046
28528 540966
28536 540900
28544 540922
28552 540886
28560 540766
28568 540878
28576 540950
28584 540838
28592 540970
28600 540904
28608 540812
28616 540934
28624 540460
28632 540764
28640 540984
28648 541114
28656 541238
28664 540520
28672 540834
28680 540794
28688 540652
28696 540702
28704 540662
28712 540678
28720 540808
28728 540704
28736 540808
28744 545966
28752 540718
28760 540668
28768 540614
28776 540786
28784 540772
28792 540746
28800 540690
28808 540658
28816 540812
28824 540698
28832 540628
28840 540656
28848 540748
28856 540730
28864 540680
28872 540852
28880 540944
28888 540832
28896 540658
28904 540826
28912 540646
28920 540716
28928 540742
28936 540698
28944 540700
28952 540800
28960 540628
28968 540800
28976 540728
28984 540626
28992 540682
29000 540762
29008 540716
29016 540618
29024 540764
29032 540732
29040 537438
29048 537434
29056 537440
29064 537510
29072 537312
29080 543596
29088 537320
29096 537314
29104 537300
29112 537108
29120 537264
29128 537178
29136 537476
29144 537394
29152 537514
29160 537522
29168 537438
29176 537524
29184 537394
29192 537618
29200 537440
29208 537516
29216 537562
29224 537484
29232 537486
29240 537546
29248 537420
29256 537294
29264 537504
29272 536972
29280 536964
29288 537080
29296 537438
29304 537136
29312 537370
29320 537112
29328 537348
29336 537422
29344 537422
29352 537096
29360 537480
29368 537200
29376 537220
29384 536876
29392 537300
29400 537462
29408 537324
29416 542956
29424 537340
29432 537392
29440 537260
29448 537252
29456 537290
29464 537256
29472 536858
29480 536790
29488 537228
29496 537284
29504 537216
29512 536978
29520 537290
29528 537428
29536 537128
29544 537288
29552 537278
29560 537296
29568 537386
29576 537132
29584 537282
29592 537318
29600 537274
29608 537494
29616 537320
29624 537380
29632 537418
29640 537234
29648 537256
29656 536576
29664 537208
29672 537068
29680 536854
29688 536884
29696 536932
29704 537198
29712 536998
29720 536928
29728 536932
29736 536834
29744 537134
29752 542128
29760 537304
29768 536972
29776 537204
29784 537304
29792 589288
29800 709794
29808 558140
29816 571854
29824 549474
29832 549358
29840 548964
29848 549096
29856 548976
29864 548894
29872 548700
29880 548994
29888 548908
29896 549064
29904 549206
29912 549042
29920 548892
29928 548978
29936 549048
29944 548896
29952 549004
29960 548956
29968 548970
29976 548814
29984 548912
29992 548940
30000 548958
30008 548834
30016 548776
30024 549180
30032 548976
30040 548962
30048 549034
30056 548958
30064 549002
30072 548900
30080 571474
30088 561050
30096 607424
30104 723212
30112 700850
30120 609260
30128 529222
30136 529240
30144 529382
30152 622090
30160 529494
30168 529354
30176 529350
30184 529418
30192 529304
30200 529572
30208 529454
30216 529222
30224 717182
30232 529262
30240 529286
30248 529338
30256 529332
30264 529404
30272 529410
30280 529278
30288 529280
30296 529414
30304 529314
30312 529322
30320 529436
30328 529320
30336 529198
30344 529346
30352 529424
30360 529362
30368 529292
30376 529326
30384 529182
30392 529364
30400 529340
30408 529412
30416 537164
30424 537008
30432 537152
30440 536702
30448 537028
30456 536498
30464 537188
30472 537078
30480 536832
30488 537098
30496 647312
30504 536984
30512 536552
30520 555748
30528 537032
30536 536394
30544 537106
30552 538178
30560 673370
30568 569478
30576 544304
30584 537088
30592 537046
30600 536886
30608 536758
30616 536510
30624 537070
30632 537112
30640 536712
30648 537120
30656 536770
30664 536736
30672 536984
30680 536910
30688 536914
30696 537010
30704 537010
30712 537042
30720 536978
30728 536936
30736 536912
30744 635930
30752 538398
30760 538474
30768 538210
30776 544814
30784 538440
30792 538320
30800 538558
30808 538262
30816 538402
30824 538582
30832 538352
30840 538436
30848 538504
30856 538392
30864 538408
30872 538606
30880 538484
30888 538304
30896 580038
30904 613246
30912 572106
30920 538428
30928 538396
30936 538504
30944 538246
30952 538262
30960 538398
30968 538462
30976 538390
30984 538584
30992 538508
31000 538320
31008 538250
31016 538390
31024 538354
31032 619374
31040 538304
31048 538472
31056 538352
31064 538406
31072 551760
31080 539918
31088 539894
31096 539964
31104 539868
31112 540008
31120 539954
31128 540136
31136 539910
31144 540074
31152 540050
31160 539952
31168 540012
31176 540074
31184 539994
31192 540040
31200 540092
31208 539994
31216 539944
31224 540068
31232 539844
31240 540082
31248 540088
31256 539982
31264 540124
31272 540078
31280 539764
31288 539970
31296 539970
31304 539962
31312 539988
31320 540004
31328 540092
31336 544522
31344 539878
31352 540092
31360 540066
31368 539964
31376 539868
31384 540012
31392 540042
31400 539954
31408 646066
31416 575252
31424 831342
31432 544862
31440 538332
31448 538586
31456 538298
31464 538194
31472 538126
31480 538194
31488 629910
31496 538244
31504 538440
31512 538394
31520 538432
31528 538502
31536 538438
31544 538484
31552 538444
31560 541394
31568 541406
31576 541390
31584 541358
31592 541190
31600 541388
31608 541418
31616 541376
31624 541318
31632 541354
31640 541352
31648 541172
31656 541356
31664 541258
31672 541264
31680 541298
31688 541376
31696 541070
31704 541282
31712 541228
31720 541156
31728 541572
31736 551208
31744 541142
31752 541122
31760 541226
31768 541148
31776 541228
31784 541084
31792 541228
31800 541096
31808 541228
31816 541028
31824 541090
31832 541148
31840 541214
31848 541166
31856 540976
31864 541024
31872 541154
31880 541174
31888 541158
31896 541280
31904 541038
31912 541202
31920 541252
31928 541126
31936 541042
31944 541062
31952 540840
31960 541200
31968 541158
31976 541322
31984 541220
31992 541138
32000 541034
32008 541192
32016 541232
32024 541122
32032 541128
32040 541226
32048 541184
32056 541020
32064 541190
32072 552970
32080 538100
32088 538566
32096 538218
32104 538352
32112 538154
32120 538088
32128 538050
32136 538356
32144 538134
32152 538038
32160 538160
32168 538216
32176 538442
32184 538282
32192 538168
32200 538216
32208 538276
32216 538286
32224 538286
32232 538244
32240 538242
32248 538376
32256 538184
32264 538138
32272 538342
32280 538340
32288 538308
32296 538258
32304 538264
32312 538284
32320 538178
32328 538406
32336 538132
32344 538242
32352 538128
32360 538210
32368 538362
32376 538250
32384 538254
32392 537990
32400 538248
32408 539160
32416 538002
32424 646798
32432 537978
32440 538024
32448 537852
32456 538002
32464 537994
32472 537828
32480 537974
32488 537972
32496 538054
32504 537918
32512 538098
32520 537888
32528 538128
32536 537846
32544 537954
32552 538026
32560 538004
32568 537844
32576 537928
32584 538134
32592 538100
32600 537838
32608 538164
32616 537958
32624 537988
32632 538000
32640 538040
32648 537912
32656 537928
32664 537920
32672 537888
32680 537856
32688 537824
32696 537878
32704 537862
32712 537638
32720 537854
32728 537768
32736 657560
32744 539374
32752 539568
32760 539664
32768 539562
32776 543620
32784 543790
32792 543518
32800 543632
32808 543576
32816 543354
32824 543740
32832 543624
32840 550974
32848 551658
32856 551430
32864 551456
32872 551630
32880 551764
32888 551686
32896 551364
32904 553512
32912 553646
32920 553336
32928 553544
32936 553640
32944 553640
32952 553614
32960 553590
32968 559718
32976 559552
32984 559578
32992 559634
33000 559816
33008 559518
33016 559720
33024 559834
33032 562420
33040 562192
33048 561964
33056 561938
33064 568998
33072 562054
33080 562570
33088 562190
33096 567464
33104 567564
33112 567596
33120 567626
33128 567750
33136 567834
33144 567598
33152 568310
33160 569942
33168 570312
33176 570014
33184 570088
33192 570108
33200 570180
33208 570056
33216 570184
33224 575152
33232 575456
33240 575112
33248 575786
33256 575546
33264 575590
33272 575488
33280 575586
33288 578216
33296 578104
33304 579588
33312 577912
33320 578106
33328 578204
33336 578066
33344 578224
33352 583274
33360 583504
33368 583416
33376 590456
33384 583390
33392 583102
33400 583228
33408 583602
33416 586462
33424 586428
33432 587086
33440 586604
33448 586462
33456 586302
33464 586640
33472 586470
33480 591838
33488 591688
33496 591546
33504 591578
33512 591598
33520 591418
33528 591448
33536 591216
33544 594828
33552 594120
33560 594436
33568 594646
33576 595038
33584 594754
33592 594604
33600 594486
33608 599132
33616 599472
33624 598890
33632 599364
33640 599184
33648 599340
33656 599650
33664 599498
33672 603030
33680 602294
33688 602696
33696 602328
33704 603434
33712 602834
33720 602522
33728 602632
33736 606416
33744 606478
33752 606086
33760 606186
33768 606796
33776 607088
33784 607092
33792 606430
33800 609812
33808 610082
33816 609476
33824 609538
33832 609726
33840 611028
33848 609730
33856 610022
33864 613686
33872 614662
33880 614654
33888 614418
33896 614940
33904 614482
33912 615104
33920 614148
33928 617230
33936 618036
33944 617358
33952 617558
33960 617604
33968 617354
33976 617484
33984 629586
33992 622942
34000 622408
34008 622692
34016 622592
34024 622552
34032 623064
34040 622810
34048 622562
34056 625472
34064 625368
34072 625308
34080 622404
34088 625440
34096 625354
34104 627094
34112 625856
34120 640950
34128 640844
34136 641408
34144 641468
34152 641030
34160 641316
34168 641396
34176 641340
34184 645304
34192 645130
34200 645348
34208 645124
34216 645322
34224 644968
34232 645454
34240 646288
34248 649774
34256 649526
34264 654488
34272 649504
34280 648248
34288 645886
34296 646966
34304 645616
34312 650510
34320 648690
34328 649812
34336 649660
34344 649292
34352 649398
34360 649164
34368 649304
34376 654328
34384 653500
34392 653912
34400 653448
34408 653712
34416 653684
34424 653884
34432 653474
34440 657102
34448 657400
34456 656816
34464 656858
34472 657162
34480 657170
34488 657450
34496 656812
34504 661320
34512 661866
34520 661282
34528 661622
34536 661804
34544 667714
34552 662392
34560 662246
34568 665342
34576 664980
34584 665156
34592 666070
34600 665020
34608 665584
34616 664982
34624 665294
34632 666386
34640 665536
34648 666292
34656 665520
34664 665256
34672 665340
34680 665634
34688 665542
34696 668036
34704 667748
34712 667410
34720 667920
34728 667646
34736 668946
34744 668532
34752 667628
34760 667388
34768 667838
34776 667420
34784 661780
34792 662210
34800 661582
34808 662192
34816 667032
34824 667948
34832 668060
34840 668556
34848 667812
34856 667870
34864 667958
34872 668020
34880 668018
34888 670094
34896 669636
34904 670016
34912 669864
34920 670114
34928 669748
34936 669984
34944 669672
34952 674308
34960 674402
34968 674556
34976 674158
34984 675236
34992 674468
35000 674834
35008 674120
35016 677832
35024 678444
35032 677786
35040 677744
35048 678162
35056 677724
35064 677832
35072 677792
35080 681384
35088 686378
35096 681836
35104 681522
35112 682210
35120 681586
35128 681980
35136 681800
35144 685216
35152 685076
35160 684788
35168 685360
35176 686112
35184 685628
35192 685014
35200 685316
35208 689032
35216 688908
35224 689000
35232 689926
35240 689936
35248 690050
35256 688710
35264 688794
35272 692742
35280 693592
35288 694254
35296 693134
35304 693510
35312 693208
35320 693038
35328 693152
35336 697648
35344 697004
35352 701982
35360 697890
35368 697520
35376 698162
35384 698142
35392 697760
35400 702694
35408 701976
35416 702350
35424 702098
35432 702152
35440 701862
35448 702530
35456 702046
35464 705718
35472 705514
35480 705688
35488 705718
35496 706740
35504 705908
35512 706156
35520 705592
35528 710896
35536 711052
35544 711528
35552 710394
35560 710274
35568 710034
35576 710162
35584 709894
35592 713788
35600 713922
35608 717644
35616 713116
35624 713238
35632 713378
35640 713110
35648 713650
35656 717218
35664 717948
35672 717760
35680 717590
35688 716926
35696 717436
35704 717832
35712 717596
35720 721190
35728 720656
35736 721118
35744 720490
35752 721232
35760 720494
35768 720186
35776 720864
35784 725322
35792 725150
35800 724822
35808 725024
35816 725652
35824 724964
35832 725474
35840 726162
35848 728608
35856 727548
35864 827640
35872 725014
35880 724762
35888 725020
35896 724620
35904 724966
35912 728920
35920 729548
35928 729508
35936 729602
35944 729162
35952 729424
35960 729690
35968 729596
35976 732790
35984 734058
35992 733476
36000 733070
36008 734230
36016 733500
36024 732908
36032 733162
36040 737200
36048 736916
36056 736938
36064 737170
36072 737068
36080 737416
36088 736806
36096 736470
36104 740646
36112 744762
36120 740000
36128 739700
36136 736848
36144 740230
36152 739660
36160 739580
36168 743088
36176 743176
36184 743096
36192 743064
36200 742318
36208 742994
36216 743246
36224 742710
36232 747266
36240 746256
36248 747386
36256 747390
36264 746962
36272 747966
36280 746636
36288 746788
36296 750242
36304 750428
36312 749624
36320 750590
36328 750098
36336 750162
36344 749602
36352 750524
36360 761018
36368 753624
36376 755690
36384 753868
36392 754924
36400 754348
36408 754392
36416 754178
36424 758570
36432 755716
36440 757064
36448 755374
36456 756730
36464 757000
36472 757176
36480 657170
36488 660602
36496 659146
36504 659608
36512 659134
36520 658860
36528 659140
36536 660124
36544 659392
36552 661052
36560 669980
36568 661006
36576 661006
36584 661784
36592 661170
36600 660818
36608 660928
36616 669254
36624 662694
36632 662804
36640 663534
36648 663014
36656 662800
36664 662844
36672 662824
36680 664562
36688 664502
36696 664638
36704 664524
36712 665078
36720 664540
36728 664702
36736 664472
36744 667082
36752 666580
36760 667224
36768 664732
36776 667000
36784 666362
36792 666262
36800 666432
36808 668234
36816 667948
36824 668986
36832 668632
36840 668096
36848 668036
36856 668220
36864 668198
36872 670410
36880 670602
36888 675872
36896 670536
36904 671192
36912 670478
36920 671650
36928 670782
36936 671808
36944 671898
36952 671770
36960 672474
36968 672548
36976 672298
36984 672376
36992 672264
37000 675216
37008 673822
37016 673796
37024 673860
37032 674416
37040 674994
37048 673828
37056 674566
37064 675932
37072 676016
37080 676784
37088 676124
37096 675838
37104 675826
37112 676356
37120 676322
37128 678078
37136 677476
37144 677708
37152 682624
37160 679266
37168 679378
37176 679426
37184 679812
37192 680954
37200 681268
37208 681016
37216 680728
37224 681096
37232 681528
37240 680804
37248 681156
37256 683428
37264 682660
37272 683116
37280 683600
37288 682728
37296 682722
37304 682568
37312 682998
37320 684502
37328 684532
37336 684614
37344 684462
37352 685030
37360 684844
37368 684814
37376 684728
37384 686756
37392 686996
37400 686804
37408 686078
37416 687490
37424 691706
37432 687402
37440 686838
37448 688066
37456 688738
37464 689014
37472 688634
37480 688488
37488 688758
37496 688390
37504 688344
37512 690352
37520 690372
37528 690516
37536 690354
37544 690208
37552 690346
37560 690744
37568 690350
37576 692070
37584 692438
37592 691864
37600 692382
37608 692030
37616 692216
37624 692846
37632 691822
37640 693978
37648 693742
37656 694246
37664 693506
37672 694688
37680 698680
37688 694710
37696 695112
37704 696854
37712 696928
37720 696932
37728 696926
37736 696826
37744 696994
37752 697680
37760 696854
37768 698558
37776 698930
37784 698262
37792 698512
37800 698360
37808 698776
37816 698628
37824 698302
37832 700560
37840 699884
37848 700274
37856 700236
37864 700768
37872 700738
37880 700256
37888 700278
37896 702338
37904 702168
37912 701928
37920 702102
37928 702054
37936 702122
37944 706938
37952 702266
37960 704074
37968 703324
37976 703572
37984 703430
37992 704090
38000 704014
38008 703660
38016 703554
38024 704404
38032 705752
38040 704126
38048 703866
38056 703904
38064 704242
38072 706256
38080 703878
38088 703910
38096 704600
38104 704008
38112 704690
38120 704186
38128 704348
38136 708102
38144 704346
38152 706218
38160 705446
38168 706036
38176 705618
38184 705738
38192 705532
38200 710352
38208 706014
38216 711818
38224 712092
38232 711816
38240 712052
38248 711820
38256 712504
38264 711676
38272 712140
38280 713904
38288 713932
38296 714186
38304 714606
38312 713900
38320 714226
38328 714554
38336 713980
38344 715170
38352 715638
38360 716266
38368 716082
38376 715776
38384 715536
38392 715520
38400 715820
38408 716734
38416 717364
38424 717082
38432 716904
38440 716872
38448 717394
38456 722324
38464 717758
38472 719512
38480 718998
38488 719258
38496 718566
38504 718920
38512 719138
38520 719072
38528 718686
38536 720888
38544 720166
38552 720802
38560 720588
38568 720754
38576 720626
38584 720030
38592 720094
38600 722264
38608 722404
38616 722498
38624 722498
38632 722636
38640 722158
38648 722116
38656 722292
38664 724254
38672 724072
38680 724010
38688 723738
38696 724468
38704 729994
38712 724212
38720 723912
38728 724088
38736 724450
38744 724186
38752 724252
38760 724708
38768 724926
38776 724396
38784 724282
38792 727508
38800 727776
38808 727528
38816 727456
38824 728482
38832 728106
38840 728280
38848 727464
38856 727884
38864 726974
38872 727490
38880 723620
38888 723404
38896 723222
38904 726840
38912 723490
38920 726870
38928 726546
38936 726550
38944 726142
38952 726940
38960 729874
38968 726084
38976 725916
38984 727684
38992 726582
39000 726830
39008 727272
39016 727330
39024 727138
39032 727190
39040 726174
39048 729018
39056 728632
39064 729548
39072 729236
39080 728974
39088 728824
39096 729812
39104 728688
39112 730696
39120 731254
39128 732878
39136 732596
39144 733246
39152 732522
39160 732316
39168 732560
39176 734768
39184 734012
39192 734156
39200 734638
39208 739104
39216 734128
39224 734816
39232 734008
39240 735452
39248 735810
39256 736190
39264 735914
39272 735654
39280 735586
39288 736574
39296 736128
39304 737166
39312 737388
39320 737280
39328 737338
39336 738336
39344 737670
39352 736898
39360 737236
39368 739894
39376 739328
39384 739214
39392 739320
39400 739134
39408 739382
39416 739298
39424 739720
39432 741246
39440 740798
39448 740944
39456 740924
39464 740914
39472 740676
39480 741612
39488 740534
39496 743368
39504 742698
39512 742952
39520 742398
39528 742786
39536 742858
39544 744078
39552 742188
39560 744358
39568 744210
39576 744036
39584 744058
39592 744424
39600 744574
39608 745618
39616 745036
39624 746860
39632 746292
39640 745852
39648 746524
39656 746302
39664 746036
39672 747090
39680 746124
39688 747776
39696 753732
39704 745774
39712 745838
39720 745942
39728 745946
39736 747426
39744 745832
39752 747654
39760 748368
39768 748116
39776 747532
39784 747792
39792 747682
39800 747458
39808 747608
39816 749248
39824 749318
39832 750440
39840 749254
39848 749250
39856 749372
39864 749546
39872 749612
39880 752124
39888 751208
39896 751060
39904 751446
39912 751216
39920 751432
39928 750792
39936 755602
39944 752582
39952 753036
39960 752872
39968 752964
39976 752624
39984 752904
39992 753382
