24000 3105996
24008 2878538
24016 604986
24024 603698
24032 603792
24040 603880
24048 603756
24056 603754
24064 603974
24072 616402
24080 580804
24088 580788
24096 580762
24104 580986
24112 580894
24120 580838
24128 580820
24136 592790
24144 559104
24152 559180
24160 559252
24168 559040
24176 576826
24184 596268
24192 548896
24200 548926
24208 549106
24216 548884
24224 548812
24232 548786
24240 548858
24248 548882
24256 548906
24264 548868
24272 548928
24280 548822
24288 549008
24296 549026
24304 548830
24312 548830
24320 548966
24328 563738
24336 565790
24344 565516
24352 565768
24360 565758
24368 565660
24376 565834
24384 565736
24392 565744
24400 565576
24408 565716
24416 565610
24424 565516
24432 565568
24440 565524
24448 565720
24456 565310
24464 565440
24472 565412
24480 565624
24488 565380
24496 565796
24504 565554
24512 565640
24520 565296
24528 565310
24536 565334
24544 565690
24552 565634
24560 565140
24568 565248
24576 565240
24584 565176
24592 565078
24600 565128
24608 565332
24616 565310
24624 565352
24632 565184
24640 565110
24648 564990
24656 571130
24664 558928
24672 558746
24680 574340
24688 675508
24696 567390
24704 586758
24712 616334
24720 606666
24728 653496
24736 616108
24744 605342
24752 549392
24760 552542
24768 548938
24776 549082
24784 552408
24792 548834
24800 548814
24808 548750
24816 548978
24824 548956
24832 548856
24840 548968
24848 548770
24856 548840
24864 548884
24872 548840
24880 548824
24888 549110
24896 548956
24904 549094
24912 566670
24920 529174
24928 529282
24936 529292
24944 529314
24952 529288
24960 529336
24968 529294
24976 558296
24984 544952
24992 653814
25000 711982
25008 878270
25016 865592
25024 966664
25032 919064
25040 1010812
25048 816600
25056 860000
25064 851320
25072 826144
25080 670738
25088 681870
25096 627370
25104 765336
25112 547012
25120 547168
25128 547036
25136 547160
25144 547008
25152 547036
25160 547106
25168 551732
25176 547092
25184 547230
25192 546936
25200 547278
25208 547200
25216 547076
25224 547240
25232 547180
25240 547308
25248 547308
25256 674092
25264 547090
25272 547274
25280 547340
25288 547360
25296 547426
25304 547476
25312 546984
25320 547350
25328 546892
25336 547254
25344 547396
25352 547060
25360 547048
25368 547198
25376 547128
25384 547048
25392 546966
25400 547156
25408 547176
25416 547004
25424 547130
25432 547080
25440 547066
25448 547066
25456 547016
25464 546972
25472 547056
25480 663940
25488 545932
25496 545732
25504 545788
25512 545622
25520 545844
25528 545736
25536 545640
25544 545688
25552 545920
25560 545394
25568 545634
25576 545644
25584 567436
25592 545604
25600 545504
25608 545470
25616 671500
25624 545534
25632 545466
25640 545294
25648 545614
25656 553440
25664 544290
25672 544216
25680 544150
25688 544236
25696 544126
25704 544494
25712 544060
25720 544320
25728 544284
25736 626090
25744 544140
25752 544190
25760 544140
25768 544336
25776 544230
25784 544140
25792 544226
25800 544286
25808 544198
25816 544170
25824 544376
25832 544140
25840 544264
25848 544350
25856 544196
25864 544238
25872 544052
25880 544072
25888 544232
25896 543962
25904 544096
25912 544094
25920 671998
25928 543536
25936 543590
25944 543418
25952 543580
25960 543666
25968 543554
25976 543566
25984 543348
25992 543758
26000 543622
26008 543386
26016 543192
26024 543432
26032 543564
26040 543674
26048 543544
26056 543606
26064 543476
26072 543666
26080 543484
26088 543652
26096 543660
26104 543616
26112 543470
26120 543810
26128 543518
26136 543536
26144 543664
26152 543688
26160 543590
26168 586752
26176 576186
26184 538562
26192 538664
26200 538626
26208 538712
26216 538392
26224 538580
26232 538510
26240 538716
26248 547832
26256 544604
26264 544468
26272 544466
26280 544534
26288 544572
26296 544432
26304 544472
26312 544328
26320 544534
26328 544590
26336 544388
26344 544500
26352 544496
26360 544472
26368 544326
26376 707006
26384 543658
26392 543474
26400 543334
26408 543466
26416 543488
26424 543448
26432 543522
26440 538960
26448 538804
26456 538832
26464 538678
26472 538764
26480 544190
26488 544100
26496 544022
26504 546020
26512 545752
26520 548692
26528 548386
26536 548636
26544 548716
26552 548680
26560 548500
26568 548364
26576 548142
26584 666538
26592 548752
26600 548960
26608 548944
26616 548910
26624 548716
26632 548678
26640 548700
26648 548720
26656 548884
26664 548674
26672 548592
26680 548526
26688 548824
26696 548236
26704 548364
26712 548318
26720 550262
26728 548292
26736 548284
26744 548650
26752 548540
26760 548526
26768 548392
26776 548634
26784 548310
26792 548338
26800 548594
26808 548348
26816 548162
26824 548376
26832 548234
26840 548526
26848 548100
26856 548518
26864 548114
26872 548322
26880 548306
26888 548440
26896 548382
26904 548318
26912 555122
26920 548180
26928 548396
26936 548340
26944 548258
26952 548380
26960 548492
26968 548386
26976 548372
26984 548198
26992 548498
27000 548298
27008 548144
27016 548270
27024 548334
27032 548340
27040 548378
27048 548262
27056 548386
27064 548332
27072 548156
27080 548514
27088 548054
27096 548334
27104 548376
27112 548754
27120 548046
27128 548664
27136 548262
27144 548554
27152 548370
27160 548414
27168 548522
27176 548588
27184 548436
27192 548424
27200 548398
27208 548598
27216 548568
27224 548416
27232 548660
27240 548576
27248 554086
27256 548674
27264 548598
27272 548610
27280 548536
27288 548588
27296 548634
27304 548522
27312 548838
27320 548600
27328 548638
27336 548828
27344 548324
27352 548786
27360 548628
27368 548842
27376 548622
27384 548842
27392 548578
27400 548658
27408 548368
27416 548484
27424 548386
27432 548510
27440 548664
27448 548460
27456 548348
27464 548534
27472 548358
27480 548582
27488 548410
27496 548424
27504 548276
27512 548620
27520 548290
27528 548330
27536 548186
27544 548364
27552 548306
27560 548262
27568 548338
27576 553454
27584 548468
27592 548026
27600 547788
27608 547998
27616 548288
27624 548136
27632 547988
27640 548422
27648 548146
27656 547950
27664 547986
27672 548040
27680 547976
27688 548072
27696 547972
27704 547848
27712 547856
27720 547812
27728 547814
27736 547756
27744 547812
27752 547860
27760 547728
27768 547624
27776 547482
27784 547710
27792 547622
27800 547586
27808 547664
27816 547710
27824 547688
27832 547740
27840 547642
27848 547820
27856 547466
27864 547634
27872 547510
27880 547714
27888 547700
27896 547804
27904 547932
27912 552746
27920 547664
27928 547722
27936 547712
27944 547676
27952 547762
27960 547652
27968 547632
27976 547522
27984 547760
27992 547834
28000 547520
28008 547666
28016 547666
28024 547632
28032 547612
28040 547648
28048 547530
28056 547738
28064 547622
28072 547654
28080 547668
28088 547750
28096 547644
28104 547616
28112 547756
28120 547788
28128 547560
28136 547718
28144 547694
28152 547850
28160 548018
28168 547832
28176 547896
28184 547794
28192 547778
28200 547890
28208 547852
28216 547882
28224 547844
28232 547926
28240 553172
28248 547918
28256 547866
28264 547916
28272 547788
28280 547900
28288 547838
28296 547876
28304 547950
28312 547842
28320 547934
28328 547942
28336 547836
28344 548130
28352 548036
28360 547888
28368 547852
28376 547918
28384 547592
28392 547954
28400 547864
28408 547878
28416 547874
28424 547662
28432 547762
28440 547622
28448 547768
28456 548070
28464 548106
28472 547834
28480 547828
28488 547750
28496 547726
28504 547824
28512 547894
28520 547864
28528 547776
28536 547504
28544 547506
28552 547566
28560 547496
28568 547584
28576 552742
28584 547628
28592 547428
28600 547710
28608 547632
28616 547178
28624 547412
28632 547212
28640 547810
28648 548052
28656 547298
28664 547904
28672 547278
28680 547192
28688 547070
28696 547356
28704 547416
28712 547284
28720 547226
28728 547280
28736 547264
28744 547164
28752 547014
28760 627620
28768 577458
28776 547018
28784 547138
28792 547008
28800 547022
28808 547120
28816 547060
28824 547056
28832 547152
28840 547076
28848 547062
28856 547108
28864 546996
28872 546592
28880 547102
28888 546900
28896 547030
28904 552726
28912 547084
28920 547122
28928 546724
28936 546992
28944 547208
28952 546958
28960 546998
28968 547054
28976 546826
28984 547128
28992 546880
29000 546992
29008 547190
29016 547172
29024 547056
29032 547052
29040 547046
29048 547168
29056 546948
29064 546986
29072 546958
29080 546958
29088 547072
29096 547120
29104 547128
29112 547138
29120 547192
29128 547092
29136 669686
29144 547464
29152 547062
29160 547276
29168 547110
29176 547250
29184 546984
29192 547114
29200 547150
29208 547124
29216 547244
29224 547350
29232 554072
29240 547372
29248 547338
29256 547430
29264 547400
29272 547286
29280 547238
29288 547554
29296 547448
29304 547358
29312 547414
29320 547320
29328 547434
29336 547394
29344 547456
29352 547424
29360 547246
29368 547336
29376 547380
29384 547256
29392 547104
29400 547434
29408 547074
29416 547278
29424 547642
29432 547310
29440 546818
29448 547118
29456 547258
29464 547250
29472 547140
29480 547010
29488 547066
29496 547278
29504 547386
29512 547164
29520 547144
29528 547190
29536 546958
29544 547090
29552 547184
29560 547182
29568 556222
29576 547016
29584 547078
29592 546984
29600 546794
29608 546882
29616 547046
29624 547126
29632 546886
29640 546938
29648 547194
29656 546944
29664 546946
29672 546958
29680 546848
29688 547162
29696 547316
29704 546702
29712 546706
29720 546756
29728 546712
29736 546698
29744 546524
29752 546700
29760 546532
29768 546502
29776 546558
29784 546472
29792 546620
29800 546504
29808 546618
29816 546628
29824 546552
29832 546322
29840 546284
29848 546424
29856 546486
29864 546438
29872 546344
29880 546304
29888 546486
29896 551916
29904 546618
29912 546564
29920 546048
29928 546364
29936 546316
29944 546436
29952 546700
29960 546448
29968 546526
29976 546400
29984 546500
29992 546534
30000 546450
30008 546392
30016 546426
30024 546732
30032 546598
30040 546480
30048 546436
30056 546612
30064 546744
30072 546544
30080 546390
30088 546480
30096 546524
30104 546718
30112 546676
30120 546702
30128 546420
30136 546732
30144 546418
30152 546588
30160 546502
30168 546750
30176 546562
30184 546914
30192 546768
30200 546740
30208 546516
30216 546762
30224 546908
30232 552314
30240 546832
30248 546612
30256 546710
30264 546708
30272 546702
30280 546672
30288 546782
30296 546862
30304 546672
30312 546852
30320 546898
30328 546760
30336 546844
30344 546688
30352 546896
30360 546786
30368 546814
30376 546698
30384 546788
30392 546686
30400 546834
30408 546434
30416 546554
30424 546656
30432 546594
30440 546668
30448 546442
30456 546486
30464 546822
30472 546600
30480 546546
30488 546670
30496 546536
30504 546866
30512 546514
30520 546708
30528 546746
30536 545802
30544 545588
30552 545666
30560 549950
30568 540566
30576 544786
30584 544652
30592 544790
30600 546036
30608 546176
30616 546208
30624 546198
30632 546196
30640 545928
30648 546070
30656 546104
30664 546224
30672 545764
30680 545790
30688 546874
30696 547034
30704 546952
30712 546810
30720 546828
30728 546888
30736 546812
30744 546798
30752 546796
30760 546744
30768 546954
30776 546720
30784 546744
30792 546670
30800 546636
30808 546706
30816 546598
30824 546714
30832 546550
30840 546714
30848 546682
30856 546516
30864 546480
30872 546640
30880 546548
30888 546672
30896 552766
30904 547372
30912 547420
30920 547638
30928 547450
30936 547650
30944 547210
30952 547366
30960 547360
30968 547290
30976 547746
30984 547280
30992 547382
31000 547342
31008 547360
31016 547300
31024 547426
31032 547540
31040 547402
31048 547594
31056 547380
31064 547496
31072 547362
31080 547508
31088 547486
31096 547602
31104 547344
31112 547512
31120 547404
31128 547502
31136 547288
31144 547360
31152 547584
31160 547418
31168 547428
31176 547658
31184 547434
31192 547606
31200 547806
31208 547606
31216 547364
31224 553130
31232 547550
31240 547612
31248 547720
31256 547856
31264 547594
31272 547650
31280 547642
31288 547634
31296 547726
31304 547908
31312 547874
31320 548038
31328 548000
31336 547610
31344 547794
31352 547814
31360 547770
31368 547688
31376 547652
31384 547676
31392 547582
31400 547626
31408 547564
31416 547796
31424 547768
31432 547832
31440 548024
31448 547710
31456 547652
31464 547384
31472 547758
31480 547402
31488 547884
31496 547626
31504 547562
31512 547508
31520 547424
31528 547462
31536 547348
31544 547522
31552 553156
31560 547578
31568 548256
31576 548436
31584 548410
31592 548272
31600 548340
31608 548542
31616 548096
31624 548266
31632 548168
31640 548280
31648 548270
31656 548182
31664 548124
31672 548388
31680 548094
31688 548208
31696 548664
31704 548410
31712 547948
31720 547994
31728 548036
31736 548158
31744 548100
31752 547686
31760 547864
31768 548016
31776 547812
31784 548012
31792 547964
31800 548122
31808 547786
31816 547938
31824 547694
31832 547644
31840 547818
31848 547578
31856 547878
31864 547614
31872 547652
31880 553844
31888 547910
31896 547640
31904 547584
31912 547638
31920 547704
31928 547778
31936 547526
31944 547512
31952 547750
31960 547738
31968 547312
31976 547406
31984 547446
31992 547916
32000 547426
32008 547524
32016 547452
32024 547466
32032 547678
32040 547676
32048 547730
32056 547692
32064 547736
32072 547762
32080 547688
32088 547668
32096 547748
32104 547440
32112 547700
32120 547630
32128 547604
32136 547730
32144 547668
32152 547688
32160 547884
32168 547656
32176 547632
32184 547614
32192 547848
32200 548170
32208 547618
32216 553644
32224 547672
32232 547830
32240 548040
32248 547746
32256 548012
32264 547720
32272 547760
32280 547922
32288 548072
32296 547942
32304 547898
32312 547932
32320 547900
32328 548148
32336 548012
32344 548114
32352 547942
32360 547776
32368 548034
32376 547914
32384 547964
32392 548010
32400 547940
32408 547850
32416 547716
32424 548026
32432 548004
32440 547988
32448 548102
32456 547700
32464 547586
32472 547934
32480 547580
32488 547818
32496 547954
32504 548226
32512 547788
32520 670302
32528 545838
32536 545936
32544 553212
32552 546882
32560 546906
32568 547076
32576 546934
32584 546818
32592 546818
32600 546842
32608 546974
32616 546774
32624 546850
32632 547096
32640 546758
32648 546814
32656 546860
32664 546652
32672 546742
32680 546794
32688 546730
32696 546596
32704 546868
32712 546582
32720 546876
32728 546896
32736 546864
32744 551278
32752 549878
32760 551440
32768 549478
32776 553358
32784 553164
32792 552804
32800 553426
32808 553092
32816 553084
32824 553030
32832 553012
32840 558664
32848 559296
32856 559060
32864 559262
32872 564390
32880 558776
32888 558712
32896 558540
32904 561316
32912 561388
32920 560544
32928 561246
32936 561458
32944 561242
32952 570694
32960 561644
32968 566636
32976 567516
32984 566906
32992 566074
33000 566980
33008 566914
33016 566568
33024 567960
33032 569376
33040 569060
33048 569126
33056 569398
33064 568942
33072 569340
33080 568890
33088 569568
33096 574160
33104 574746
33112 574488
33120 573934
33128 574140
33136 574178
33144 574166
33152 574452
33160 577112
33168 577378
33176 577460
33184 583434
33192 577448
33200 577400
33208 577318
33216 577366
33224 581624
33232 581120
33240 581524
33248 581438
33256 582542
33264 582564
33272 582464
33280 582072
33288 584780
33296 585046
33304 584638
33312 585202
33320 584930
33328 584790
33336 585010
33344 584992
33352 589596
33360 589522
33368 589174
33376 589188
33384 589844
33392 589760
33400 590030
33408 590686
33416 593156
33424 593238
33432 592756
33440 593110
33448 592472
33456 592898
33464 592580
33472 593640
33480 598524
33488 598704
33496 603586
33504 598622
33512 597654
33520 596914
33528 596792
33536 597848
33544 602202
33552 602078
33560 601868
33568 602156
33576 601954
33584 602028
33592 601996
33600 601990
33608 607036
33616 606312
33624 606750
33632 607304
33640 607840
33648 606920
33656 606978
33664 607328
33672 612256
33680 611564
33688 610654
33696 610872
33704 610904
33712 610860
33720 611550
33728 610834
33736 614454
33744 614728
33752 615122
33760 614440
33768 614484
33776 614760
33784 614866
33792 622342
33800 617760
33808 618326
33816 618378
33824 618486
33832 618412
33840 618008
33848 618108
33856 618656
33864 623140
33872 622596
33880 622884
33888 622752
33896 622426
33904 622838
33912 622620
33920 624054
33928 626642
33936 626562
33944 626196
33952 625798
33960 627316
33968 626786
33976 626240
33984 626404
33992 631020
34000 631940
34008 631374
34016 630988
34024 631716
34032 630570
34040 630446
34048 630440
34056 633804
34064 633994
34072 634236
34080 639410
34088 711458
34096 636000
34104 635042
34112 636504
34120 649880
34128 648408
34136 650340
34144 649502
34152 650320
34160 650342
34168 647858
34176 650818
34184 652626
34192 652772
34200 652668
34208 652654
34216 653308
34224 652686
34232 653142
34240 652316
34248 658074
34256 656104
34264 657852
34272 656520
34280 658004
34288 657784
34296 657070
34304 657086
34312 660638
34320 661052
34328 660820
34336 660578
34344 661160
34352 661026
34360 666900
34368 659284
34376 664850
34384 663134
34392 662516
34400 662920
34408 663082
34416 662984
34424 663738
34432 663778
34440 666714
34448 666866
34456 666974
34464 666450
34472 667202
34480 666570
34488 666890
34496 666764
34504 668122
34512 669214
34520 669406
34528 669518
34536 668190
34544 669038
34552 669762
34560 669626
34568 669648
34576 669054
34584 669676
34592 669036
34600 669274
34608 669024
34616 669366
34624 669222
34632 674998
34640 668440
34648 668824
34656 668640
34664 669212
34672 668844
34680 668846
34688 669614
34696 672376
34704 671684
34712 672066
34720 671954
34728 671696
34736 671784
34744 672912
34752 671782
34760 671896
34768 672090
34776 672934
34784 666642
34792 665736
34800 666300
34808 666252
34816 667086
34824 666562
34832 666478
34840 666678
34848 666626
34856 666790
34864 666800
34872 666854
34880 667214
34888 674236
34896 674644
34904 678892
34912 674058
34920 674666
34928 674738
34936 674554
34944 673288
34952 678036
34960 677836
34968 678586
34976 678804
34984 678042
34992 678348
35000 678150
35008 678702
35016 682160
35024 680908
35032 681650
35040 680864
35048 681828
35056 681126
35064 681222
35072 681232
35080 685016
35088 685340
35096 685684
35104 685284
35112 685898
35120 685294
35128 686370
35136 686122
35144 689506
35152 689204
35160 689562
35168 734922
35176 729238
35184 690668
35192 690568
35200 691194
35208 694860
35216 694204
35224 694522
35232 694462
35240 694350
35248 693406
35256 693788
35264 693866
35272 698108
35280 698364
35288 698270
35296 698302
35304 699812
35312 698760
35320 698320
35328 698414
35336 701874
35344 702146
35352 701758
35360 703126
35368 702826
35376 701738
35384 702736
35392 701606
35400 706100
35408 706038
35416 705960
35424 706538
35432 712178
35440 703762
35448 706910
35456 707038
35464 711228
35472 756148
35480 746724
35488 709324
35496 708666
35504 708800
35512 709894
35520 710012
35528 714612
35536 713218
35544 713348
35552 713010
35560 713416
35568 714182
35576 713726
35584 713140
35592 717620
35600 716856
35608 717286
35616 717906
35624 717570
35632 717568
35640 716896
35648 717086
35656 721138
35664 721286
35672 721030
35680 720534
35688 724180
35696 719204
35704 719422
35712 719290
35720 721036
35728 721944
35736 722410
35744 721632
35752 721866
35760 721462
35768 723550
35776 722126
35784 725638
35792 724808
35800 725496
35808 725554
35816 726814
35824 726136
35832 726042
35840 726398
35848 730090
35856 728664
35864 729680
35872 728916
35880 728434
35888 729162
35896 728910
35904 728734
35912 731878
35920 732562
35928 732208
35936 737214
35944 731864
35952 731968
35960 732562
35968 732506
35976 736268
35984 736298
35992 735854
36000 735962
36008 735960
36016 736190
36024 736436
36032 735912
36040 738958
36048 738964
36056 738942
36064 738734
36072 738738
36080 739674
36088 738496
36096 739236
36104 741880
36112 738426
36120 738754
36128 738754
36136 742368
36144 742648
36152 742020
36160 742198
36168 745260
36176 744884
36184 750698
36192 748432
36200 747266
36208 746088
36216 747616
36224 747868
36232 750550
36240 750334
36248 751008
36256 750818
36264 750296
36272 750480
36280 751312
36288 751186
36296 754316
36304 753624
36312 754080
36320 754512
36328 754450
36336 754222
36344 754732
36352 753944
36360 757346
36368 757646
36376 758210
36384 757946
36392 757616
36400 756838
36408 757358
36416 757216
36424 765116
36432 760482
36440 759906
36448 760972
36456 760490
36464 759726
36472 760708
36480 760838
36488 764292
36496 764514
36504 764458
36512 764086
36520 764038
36528 764524
36536 765234
36544 764602
36552 767648
36560 767970
36568 768530
36576 767816
36584 767680
36592 767452
36600 767420
36608 771652
36616 775928
36624 776798
36632 775652
36640 775906
36648 775958
36656 775252
36664 779636
36672 774466
36680 778892
36688 779352
36696 778652
36704 777930
36712 777978
36720 778122
36728 778420
36736 778374
36744 779232
36752 780228
36760 778086
36768 777624
36776 780370
36784 780624
36792 781202
36800 780210
36808 780960
36816 779594
36824 780152
36832 779122
36840 780476
36848 779310
36856 780000
36864 779708
36872 780830
36880 780858
36888 780948
36896 786096
36904 781024
36912 780608
36920 781012
36928 780968
36936 781492
36944 780696
36952 780322
36960 780868
36968 781450
36976 780964
36984 781688
36992 781622
37000 781368
37008 780588
37016 782042
37024 781276
37032 781940
37040 780920
37048 781340
37056 781210
37064 781086
37072 780330
37080 781522
37088 780710
37096 780442
37104 780238
37112 781336
37120 781720
37128 781210
37136 786300
37144 778850
37152 779666
37160 779582
37168 780564
37176 779326
37184 780008
37192 778544
37200 779040
37208 779140
37216 780224
37224 780256
37232 779454
37240 779826
37248 778908
37256 779908
37264 779214
37272 779068
37280 780642
37288 780062
37296 780002
37304 780048
37312 780268
37320 780394
37328 779518
37336 780136
37344 779458
37352 781052
37360 779764
37368 784116
37376 780530
37384 780576
37392 780718
37400 779500
37408 780108
37416 779918
37424 780594
37432 779980
37440 779488
37448 780584
37456 779378
37464 779150
37472 779178
37480 779414
37488 778842
37496 780448
37504 780194
37512 780810
37520 779816
37528 780246
37536 779166
37544 779394
37552 779332
37560 780012
37568 779640
37576 779770
37584 780194
37592 780326
37600 784286
37608 780090
37616 780340
37624 779638
37632 779270
37640 779916
37648 780232
37656 779974
37664 779458
37672 779412
37680 779244
37688 779708
37696 779660
37704 779084
37712 779726
37720 780502
37728 779716
37736 779724
37744 779960
37752 779632
37760 780012
37768 780132
37776 779740
37784 779802
37792 779622
37800 780176
37808 780566
37816 780058
37824 779672
37832 784638
37840 779900
37848 779750
37856 780218
37864 780562
37872 780984
37880 779912
37888 779998
37896 780086
37904 779698
37912 779944
37920 780130
37928 782108
37936 814564
37944 776952
37952 775698
37960 777526
37968 777266
37976 776536
37984 777532
37992 776992
38000 777470
38008 777214
38016 777342
38024 777252
38032 776074
38040 776642
38048 777174
38056 777002
38064 776368
38072 779864
38080 775918
38088 775918
38096 776480
38104 776000
38112 775266
38120 776466
38128 775740
38136 775456
38144 775910
38152 775662
38160 775678
38168 776154
38176 776046
38184 776258
38192 776058
38200 776174
38208 775706
38216 775454
38224 776980
38232 775932
38240 776962
38248 776626
38256 776018
38264 777276
38272 775370
38280 775386
38288 775824
38296 775336
38304 779744
38312 776412
38320 775100
38328 775454
38336 776936
38344 775880
38352 775322
38360 776036
38368 775856
38376 775790
38384 777000
38392 775992
38400 775300
38408 776992
38416 776284
38424 775814
38432 776110
38440 775826
38448 775752
38456 775928
38464 776080
38472 775850
38480 775948
38488 775842
38496 775452
38504 776576
38512 775302
38520 776228
38528 775898
38536 779570
38544 776434
38552 776018
38560 775860
38568 775820
38576 776680
38584 776658
38592 777134
38600 776186
38608 776282
38616 776676
38624 776552
38632 776202
38640 776436
38648 776352
38656 776040
38664 775870
38672 775778
38680 776436
38688 776902
38696 776542
38704 775654
38712 777290
38720 775908
38728 776144
38736 776082
38744 776686
38752 777240
38760 776356
38768 776556
38776 780606
38784 776544
38792 776754
38800 777012
38808 776722
38816 776858
38824 776922
38832 776660
38840 776718
38848 775818
38856 776426
38864 776316
38872 777726
38880 777248
38888 777234
38896 776646
38904 776366
38912 776484
38920 776280
38928 776420
38936 776810
38944 776288
38952 776498
38960 775916
38968 776696
38976 776320
38984 776814
38992 776784
39000 776786
39008 781030
39016 777992
39024 778034
39032 778858
39040 778150
39048 777046
39056 776326
39064 777052
39072 777032
39080 776522
39088 776420
39096 777522
39104 777174
39112 777150
39120 777272
39128 782302
39136 782462
39144 782914
39152 781376
39160 782112
39168 782112
39176 781794
39184 781444
39192 782622
39200 781574
39208 781894
39216 781778
39224 782660
39232 781102
39240 786208
39248 782928
39256 783006
39264 782966
39272 782172
39280 782984
39288 783978
39296 782982
39304 782846
39312 782750
39320 782892
39328 782582
39336 782962
39344 782406
39352 782738
39360 782164
39368 782052
39376 782686
39384 781774
39392 782760
39400 782480
39408 782810
39416 783166
39424 782654
39432 782206
39440 782644
39448 783354
39456 783070
39464 782820
39472 787098
39480 782980
39488 783178
39496 782078
39504 782022
39512 782104
39520 781510
39528 782820
39536 783106
39544 783540
39552 782448
39560 782538
39568 783118
39576 783076
39584 783006
39592 784380
39600 782804
39608 783568
39616 782884
39624 782180
39632 782280
39640 782776
39648 782406
39656 782808
39664 783268
39672 784110
39680 782860
39688 783614
39696 782702
39704 787288
39712 781984
39720 782724
39728 783036
39736 783502
39744 782496
39752 782698
39760 782018
39768 783726
39776 782910
39784 783018
39792 782518
39800 782662
39808 781950
39816 782720
39824 781624
39832 782920
39840 782094
39848 782378
39856 782342
39864 782762
39872 783198
39880 782914
39888 782848
39896 781832
39904 781750
39912 782776
39920 782212
39928 782600
39936 785560
39944 782910
39952 782558
39960 783222
39968 782964
39976 784002
39984 783494
39992 782498
