24000 3162204
24008 2999316
24016 893044
24024 705764
24032 705714
24040 715376
24048 673702
24056 673656
24064 673592
24072 673744
24080 673684
24088 673488
24096 673402
24104 673694
24112 673830
24120 690094
24128 644250
24136 644214
24144 674352
24152 619014
24160 621332
24168 617446
24176 617512
24184 617488
24192 617644
24200 617514
24208 628162
24216 592818
24224 592772
24232 592672
24240 613494
24248 603872
24256 603796
24264 630878
24272 570094
24280 569892
24288 569902
24296 569968
24304 569994
24312 569956
24320 569902
24328 598508
24336 548954
24344 548872
24352 548940
24360 549032
24368 549028
24376 548876
24384 548792
24392 549040
24400 548968
24408 548980
24416 548798
24424 548728
24432 548834
24440 548846
24448 549046
24456 549008
24464 549002
24472 548986
24480 548980
24488 549100
24496 548804
24504 549016
24512 548752
24520 548954
24528 548892
24536 549046
24544 548930
24552 548902
24560 555522
24568 549004
24576 549066
24584 548986
24592 548896
24600 548844
24608 549030
24616 548900
24624 548774
24632 549084
24640 548976
24648 549002
24656 616056
24664 670304
24672 666068
24680 659252
24688 624662
24696 553148
24704 554486
24712 548930
24720 548920
24728 549732
24736 548940
24744 548896
24752 548968
24760 548812
24768 548986
24776 548912
24784 548922
24792 548956
24800 548796
24808 548898
24816 548878
24824 548894
24832 548872
24840 549048
24848 548914
24856 548830
24864 548856
24872 548960
24880 548768
24888 598028
24896 558748
24904 558716
24912 548880
24920 549026
24928 548990
24936 557602
24944 645638
24952 954530
24960 927236
24968 1052328
24976 958572
24984 880460
24992 895054
25000 863402
25008 866246
25016 838062
25024 699148
25032 706630
25040 638638
25048 548822
25056 549074
25064 548954
25072 548960
25080 549078
25088 549052
25096 549026
25104 548894
25112 549916
25120 549018
25128 548836
25136 548980
25144 548988
25152 549138
25160 548920
25168 609146
25176 529334
25184 529408
25192 529502
25200 706060
25208 529314
25216 529322
25224 529364
25232 529256
25240 529292
25248 529152
25256 529338
25264 529376
25272 540766
25280 529416
25288 529274
25296 529320
25304 529406
25312 529452
25320 529430
25328 529420
25336 529320
25344 529426
25352 529288
25360 529364
25368 529426
25376 529446
25384 529428
25392 529416
25400 529394
25408 529526
25416 529448
25424 529374
25432 530084
25440 529382
25448 529386
25456 529430
25464 529446
25472 529428
25480 640396
25488 529358
25496 529382
25504 544816
25512 529458
25520 529340
25528 529244
25536 529298
25544 529372
25552 529396
25560 529452
25568 529332
25576 529516
25584 529436
25592 529378
25600 529442
25608 529364
25616 646674
25624 529340
25632 529268
25640 529170
25648 529276
25656 529422
25664 529154
25672 529290
25680 529374
25688 529140
25696 529318
25704 529356
25712 529244
25720 529460
25728 529120
25736 529224
25744 529292
25752 529302
25760 529342
25768 532832
25776 529372
25784 529318
25792 529238
25800 529252
25808 529252
25816 529388
25824 529010
25832 529214
25840 529212
25848 544076
25856 529170
25864 529348
25872 529164
25880 529246
25888 529356
25896 529374
25904 529316
25912 529272
25920 529272
25928 529346
25936 529328
25944 529404
25952 529456
25960 529256
25968 529402
25976 529226
25984 529408
25992 529350
26000 529184
26008 529318
26016 529484
26024 529406
26032 638824
26040 529242
26048 529250
26056 529424
26064 529302
26072 529318
26080 529200
26088 529286
26096 529258
26104 529488
26112 529272
26120 529292
26128 529216
26136 529188
26144 529336
26152 529256
26160 529288
26168 529380
26176 529230
26184 535310
26192 538496
26200 538324
26208 538316
26216 538420
26224 538386
26232 538526
26240 538502
26248 538472
26256 529284
26264 529322
26272 529082
26280 529296
26288 529290
26296 529324
26304 529326
26312 529114
26320 529346
26328 529080
26336 531494
26344 529302
26352 529388
26360 529308
26368 529178
26376 529364
26384 529258
26392 529074
26400 529272
26408 529472
26416 529388
26424 529330
26432 529276
26440 529320
26448 529408
26456 529182
26464 529394
26472 529350
26480 529308
26488 529312
26496 529334
26504 529384
26512 529314
26520 540016
26528 546610
26536 539960
26544 540068
26552 540044
26560 540054
26568 539842
26576 540014
26584 539930
26592 539958
26600 539836
26608 540084
26616 539758
26624 539990
26632 539790
26640 539674
26648 539892
26656 539872
26664 539766
26672 539746
26680 539892
26688 539878
26696 539898
26704 539886
26712 539782
26720 540094
26728 539996
26736 539716
26744 539740
26752 539736
26760 539906
26768 539814
26776 539750
26784 539704
26792 539816
26800 539784
26808 539968
26816 539910
26824 539914
26832 539790
26840 539912
26848 539866
26856 539860
26864 620940
26872 572434
26880 539738
26888 540038
26896 539698
26904 539756
26912 539796
26920 539760
26928 539928
26936 539934
26944 539932
26952 539784
26960 539908
26968 539810
26976 539866
26984 539824
26992 540002
27000 539942
27008 539730
27016 539904
27024 539724
27032 633884
27040 629738
27048 540018
27056 539714
27064 539856
27072 539808
27080 539820
27088 540006
27096 539722
27104 539974
27112 539952
27120 539772
27128 539760
27136 540002
27144 539822
27152 539928
27160 540034
27168 539858
27176 539972
27184 539900
27192 539994
27200 547970
27208 539890
27216 539828
27224 539992
27232 539910
27240 539828
27248 539790
27256 539828
27264 539804
27272 539766
27280 539688
27288 539786
27296 539790
27304 539770
27312 539790
27320 539852
27328 539962
27336 539894
27344 539676
27352 539866
27360 539684
27368 539828
27376 539556
27384 539594
27392 539864
27400 539614
27408 539814
27416 539546
27424 539762
27432 539732
27440 539626
27448 539656
27456 539686
27464 539564
27472 539390
27480 539592
27488 539688
27496 539584
27504 539590
27512 634516
27520 568656
27528 537710
27536 543478
27544 537784
27552 537812
27560 537812
27568 537906
27576 537812
27584 537768
27592 537706
27600 537696
27608 537536
27616 537788
27624 537866
27632 537834
27640 537684
27648 537832
27656 537774
27664 537900
27672 537750
27680 617578
27688 537754
27696 537820
27704 537816
27712 537834
27720 537848
27728 537674
27736 537872
27744 537738
27752 537664
27760 537664
27768 537764
27776 537688
27784 537668
27792 537728
27800 537748
27808 537586
27816 537726
27824 537684
27832 537704
27840 537756
27848 537730
27856 537638
27864 537642
27872 543110
27880 537712
27888 537782
27896 537830
27904 537716
27912 539236
27920 539348
27928 539458
27936 539490
27944 539384
27952 539404
27960 539446
27968 539474
27976 539260
27984 539414
27992 539346
28000 539370
28008 539524
28016 539448
28024 877476
28032 570172
28040 539428
28048 539374
28056 539258
28064 539488
28072 539366
28080 539312
28088 539470
28096 539354
28104 539602
28112 539356
28120 539462
28128 539402
28136 539352
28144 539296
28152 539614
28160 539404
28168 539528
28176 539528
28184 539606
28192 539500
28200 554130
28208 537614
28216 537622
28224 537786
28232 537900
28240 537750
28248 536694
28256 537814
28264 537492
28272 537026
28280 537478
28288 537770
28296 537620
28304 537734
28312 537738
28320 537668
28328 537650
28336 537764
28344 537830
28352 537732
28360 537840
28368 537758
28376 537794
28384 537612
28392 537860
28400 537626
28408 537762
28416 537878
28424 537514
28432 537010
28440 537400
28448 537224
28456 537310
28464 537636
28472 537458
28480 537400
28488 537250
28496 537602
28504 537698
28512 537424
28520 537478
28528 537666
28536 537560
28544 544450
28552 537500
28560 537068
28568 537554
28576 540548
28584 537650
28592 537476
28600 537550
28608 537562
28616 537638
28624 537472
28632 537266
28640 537180
28648 537254
28656 537206
28664 537304
28672 537272
28680 537380
28688 537596
28696 537576
28704 537404
28712 537260
28720 537584
28728 548470
28736 537520
28744 537570
28752 537648
28760 537442
28768 537674
28776 537584
28784 537560
28792 537558
28800 537556
28808 537412
28816 537280
28824 537284
28832 537418
28840 537432
28848 537216
28856 537458
28864 537298
28872 536892
28880 549508
28888 537732
28896 537584
28904 537548
28912 537568
28920 537460
28928 537492
28936 537622
28944 537138
28952 537466
28960 537526
28968 537594
28976 537614
28984 537530
28992 537326
29000 537546
29008 537430
29016 537404
29024 537090
29032 537420
29040 539068
29048 538744
29056 539212
29064 539080
29072 539122
29080 539294
29088 539274
29096 539176
29104 539056
29112 539306
29120 539168
29128 539168
29136 539190
29144 539356
29152 539102
29160 539266
29168 539142
29176 539234
29184 539200
29192 539126
29200 539062
29208 539226
29216 557860
29224 537596
29232 537630
29240 537584
29248 537546
29256 537478
29264 537296
29272 537432
29280 537402
29288 537492
29296 537662
29304 537276
29312 537590
29320 537354
29328 537482
29336 537408
29344 537646
29352 537336
29360 537562
29368 537558
29376 537442
29384 537550
29392 537392
29400 537572
29408 537630
29416 537418
29424 537432
29432 537188
29440 537462
29448 537564
29456 536648
29464 537354
29472 536762
29480 537282
29488 537038
29496 537112
29504 537282
29512 537158
29520 537226
29528 537630
29536 537232
29544 537484
29552 543718
29560 537424
29568 537392
29576 537262
29584 537438
29592 537484
29600 537420
29608 537244
29616 537234
29624 537478
29632 537370
29640 537174
29648 537098
29656 537094
29664 536516
29672 537010
29680 537236
29688 537134
29696 537204
29704 537108
29712 537474
29720 537296
29728 537450
29736 537276
29744 537226
29752 537316
29760 537122
29768 537176
29776 537184
29784 537206
29792 537382
29800 537110
29808 537140
29816 537152
29824 537334
29832 537228
29840 536762
29848 536814
29856 536698
29864 537062
29872 537028
29880 536900
29888 543140
29896 536840
29904 537260
29912 537318
29920 537098
29928 537226
29936 537206
29944 537316
29952 537174
29960 537304
29968 537494
29976 537258
29984 537490
29992 537274
30000 537038
30008 537234
30016 537246
30024 543278
30032 543266
30040 543248
30048 543266
30056 543170
30064 543176
30072 543022
30080 543424
30088 543226
30096 543034
30104 542766
30112 542974
30120 542856
30128 543012
30136 542916
30144 542730
30152 542840
30160 543010
30168 543076
30176 543058
30184 542994
30192 543084
30200 542966
30208 542940
30216 543086
30224 548244
30232 543050
30240 542868
30248 542850
30256 542866
30264 543600
30272 542928
30280 542962
30288 543034
30296 542794
30304 542888
30312 542930
30320 542796
30328 542968
30336 542652
30344 542824
30352 543228
30360 542966
30368 542764
30376 542824
30384 542972
30392 542716
30400 542828
30408 542772
30416 542670
30424 542686
30432 542764
30440 542798
30448 542682
30456 542888
30464 542752
30472 542598
30480 542790
30488 542688
30496 543046
30504 542760
30512 542676
30520 542684
30528 542794
30536 542862
30544 542794
30552 542846
30560 548180
30568 542772
30576 542716
30584 542948
30592 542776
30600 542684
30608 542700
30616 542858
30624 542706
30632 542756
30640 542826
30648 542744
30656 542918
30664 542748
30672 542568
30680 542856
30688 537086
30696 537076
30704 537142
30712 536898
30720 537138
30728 537068
30736 536680
30744 536726
30752 536768
30760 536946
30768 536290
30776 536814
30784 537018
30792 536492
30800 536868
30808 536832
30816 537080
30824 537018
30832 537004
30840 537162
30848 537140
30856 537040
30864 537054
30872 537192
30880 536992
30888 537000
30896 544064
30904 537064
30912 537104
30920 536966
30928 537004
30936 536944
30944 537056
30952 536762
30960 536846
30968 536946
30976 536966
30984 536950
30992 537154
31000 537016
31008 536862
31016 536800
31024 536522
31032 536752
31040 536914
31048 536368
31056 537082
31064 537054
31072 536856
31080 536982
31088 536762
31096 536094
31104 536602
31112 536840
31120 537020
31128 537070
31136 536828
31144 536990
31152 537008
31160 537016
31168 537000
31176 536980
31184 536712
31192 537094
31200 536290
31208 536822
31216 536798
31224 536922
31232 543396
31240 536802
31248 537102
31256 536908
31264 537130
31272 537084
31280 537130
31288 537076
31296 536952
31304 536970
31312 537102
31320 537050
31328 537058
31336 537008
31344 536796
31352 536880
31360 536872
31368 536968
31376 536932
31384 536798
31392 536970
31400 536826
31408 536886
31416 536970
31424 536840
31432 536858
31440 536966
31448 536868
31456 536752
31464 536366
31472 536834
31480 536754
31488 536390
31496 536654
31504 536738
31512 536740
31520 536916
31528 536994
31536 537050
31544 536806
31552 536886
31560 536916
31568 543694
31576 536856
31584 536832
31592 536754
31600 536836
31608 536722
31616 536794
31624 536824
31632 536904
31640 536800
31648 536704
31656 536756
31664 536788
31672 536710
31680 536828
31688 536728
31696 536798
31704 536710
31712 536544
31720 536826
31728 536762
31736 536092
31744 536582
31752 536450
31760 536838
31768 536852
31776 536976
31784 536752
31792 536860
31800 536898
31808 536870
31816 536672
31824 536912
31832 536836
31840 536888
31848 536584
31856 536772
31864 536762
31872 536674
31880 536872
31888 536700
31896 536436
31904 543354
31912 536416
31920 536174
31928 536550
31936 536640
31944 536686
31952 536790
31960 536822
31968 536642
31976 536906
31984 536742
31992 536630
32000 536762
32008 538252
32016 538196
32024 538416
32032 538344
32040 538154
32048 538134
32056 538252
32064 538328
32072 538212
32080 538306
32088 538236
32096 538238
32104 538204
32112 538308
32120 538188
32128 538236
32136 538184
32144 538286
32152 538346
32160 538140
32168 553772
32176 538102
32184 538148
32192 538112
32200 538262
32208 538156
32216 538262
32224 538218
32232 538062
32240 545954
32248 538320
32256 538044
32264 538222
32272 538222
32280 538176
32288 538102
32296 538094
32304 538114
32312 538274
32320 538180
32328 538200
32336 538108
32344 537966
32352 538108
32360 538088
32368 538164
32376 538148
32384 537918
32392 538112
32400 538010
32408 538040
32416 538040
32424 538116
32432 538104
32440 538170
32448 538104
32456 538080
32464 537980
32472 538156
32480 537810
32488 537888
32496 538120
32504 537992
32512 537886
32520 538098
32528 538088
32536 538022
32544 538176
32552 538000
32560 538146
32568 538176
32576 537806
32584 535034
32592 535052
32600 535180
32608 535172
32616 534990
32624 535002
32632 535114
32640 535104
32648 535080
32656 535064
32664 535042
32672 535188
32680 535014
32688 534978
32696 534984
32704 535080
32712 535150
32720 534952
32728 535078
32736 535068
32744 535164
32752 535042
32760 534958
32768 535052
32776 541400
32784 541446
32792 541630
32800 541480
32808 541480
32816 541574
32824 541440
32832 541378
32840 546284
32848 546144
32856 546294
32864 545966
32872 546116
32880 546288
32888 546340
32896 546252
32904 555106
32912 548740
32920 548636
32928 548598
32936 548642
32944 548866
32952 548736
32960 548748
32968 551010
32976 551410
32984 550962
32992 550996
33000 550734
33008 551222
33016 550684
33024 551136
33032 553244
33040 553134
33048 553232
33056 553114
33064 552500
33072 553436
33080 553262
33088 553470
33096 555530
33104 555884
33112 555552
33120 555740
33128 555736
33136 555522
33144 555634
33152 555428
33160 557986
33168 557884
33176 557944
33184 558896
33192 557986
33200 557996
33208 558606
33216 557818
33224 560148
33232 565508
33240 560002
33248 560270
33256 560030
33264 560190
33272 560278
33280 560172
33288 562402
33296 562116
33304 562396
33312 562098
33320 562358
33328 562418
33336 562422
33344 562520
33352 564478
33360 564596
33368 564376
33376 564590
33384 564464
33392 564822
33400 564332
33408 564438
33416 566950
33424 566874
33432 566690
33440 566974
33448 566876
33456 566718
33464 566876
33472 566802
33480 568900
33488 569118
33496 569688
33504 569272
33512 569486
33520 569032
33528 568884
33536 569034
33544 571714
33552 577208
33560 571860
33568 571276
33576 571694
33584 572252
33592 571526
33600 571526
33608 573184
33616 573692
33624 573282
33632 573584
33640 573950
33648 573312
33656 573624
33664 573522
33672 575678
33680 576328
33688 575522
33696 575558
33704 576984
33712 575720
33720 575772
33728 575732
33736 577576
33744 577546
33752 577858
33760 578046
33768 577520
33776 577456
33784 577676
33792 578260
33800 579610
33808 579088
33816 579608
33824 579698
33832 579736
33840 579588
33848 580052
33856 579734
33864 587448
33872 654168
33880 659560
33888 586968
33896 580468
33904 580760
33912 580290
33920 580524
33928 582886
33936 582732
33944 582820
33952 582724
33960 582804
33968 582926
33976 582740
33984 582902
33992 584938
34000 584750
34008 585136
34016 585072
34024 585058
34032 585818
34040 585362
34048 584732
34056 587294
34064 587332
34072 587188
34080 587104
34088 588642
34096 588420
34104 588768
34112 589378
34120 591636
34128 591574
34136 591566
34144 591564
34152 592480
34160 591532
34168 600130
34176 591418
34184 636052
34192 687070
34200 594212
34208 594058
34216 594078
34224 594024
34232 593968
34240 595324
34248 597246
34256 596004
34264 596018
34272 595820
34280 596054
34288 595738
34296 597080
34304 596000
34312 598314
34320 599206
34328 598000
34336 598250
34344 598258
34352 597220
34360 598446
34368 598078
34376 600526
34384 599924
34392 599698
34400 599602
34408 599896
34416 599886
34424 599952
34432 599878
34440 602058
34448 602026
34456 602402
34464 602732
34472 607680
34480 603804
34488 601882
34496 601698
34504 603936
34512 605362
34520 603826
34528 604638
34536 604120
34544 604254
34552 604090
34560 603944
34568 606220
34576 606168
34584 606254
34592 607676
34600 606484
34608 606240
34616 606420
34624 606012
34632 608042
34640 607998
34648 809348
34656 1061814
34664 1006634
34672 661946
34680 662352
34688 661894
34696 666214
34704 666088
34712 665270
34720 664862
34728 665008
34736 664378
34744 664718
34752 675850
34760 665734
34768 665480
34776 665966
34784 667354
34792 666892
34800 667390
34808 667302
34816 666858
34824 673988
34832 673700
34840 673762
34848 674342
34856 674010
34864 675240
34872 674042
34880 674252
34888 675484
34896 675602
34904 675034
34912 675294
34920 674888
34928 675982
34936 674882
34944 674678
34952 679394
34960 680238
34968 680144
34976 679544
34984 680130
34992 679460
35000 680132
35008 679980
35016 688314
35024 683256
35032 682758
35040 684020
35048 684508
35056 683060
35064 683090
35072 683550
35080 687638
35088 687306
35096 687884
35104 687410
35112 687706
35120 687012
35128 687704
35136 687510
35144 690946
35152 691674
35160 691166
35168 691284
35176 691002
35184 690706
35192 691936
35200 691330
35208 695072
35216 694826
35224 694972
35232 694720
35240 695754
35248 695232
35256 695166
35264 695778
35272 695284
35280 781186
35288 737422
35296 630420
35304 630338
35312 630044
35320 629824
35328 629604
35336 632180
35344 633096
35352 632328
35360 632912
35368 632204
35376 633068
35384 632490
35392 633382
35400 634740
35408 634874
35416 634790
35424 635504
35432 635096
35440 635414
35448 634950
35456 634800
35464 782308
35472 636810
35480 638056
35488 637862
35496 637200
35504 636328
35512 636760
35520 638446
35528 638694
35536 638884
35544 639692
35552 639568
35560 644274
35568 634716
35576 634676
35584 634386
35592 635022
35600 634160
35608 634566
35616 634182
35624 634462
35632 634296
35640 634500
35648 635784
35656 636424
35664 636696
35672 636376
35680 636374
35688 636462
35696 636502
35704 636162
35712 636242
35720 638314
35728 639084
35736 639172
35744 639026
35752 638380
35760 638838
35768 638288
35776 638558
35784 640464
35792 640326
35800 640228
35808 641268
35816 640296
35824 640124
35832 639202
35840 641596
35848 651106
35856 642960
35864 642468
35872 642102
35880 643242
35888 643448
35896 642234
35904 642770
35912 642652
35920 644558
35928 643994
35936 644760
35944 644248
35952 643992
35960 644200
35968 644916
35976 646102
35984 646072
35992 647002
36000 646140
36008 646048
36016 645940
36024 646070
36032 646046
36040 646520
36048 647544
36056 646380
36064 646904
36072 647238
36080 647356
36088 646528
36096 647068
36104 647174
36112 647414
36120 647266
36128 653894
36136 647834
36144 648778
36152 648088
36160 648978
36168 649608
36176 649888
36184 648350
36192 650144
36200 650112
36208 649878
36216 649814
36224 649660
36232 649832
36240 651992
36248 652042
36256 652122
36264 651940
36272 651612
36280 651660
36288 652448
36296 653656
36304 654260
36312 653864
36320 654184
36328 653438
36336 653910
36344 653992
36352 654490
36360 655534
36368 655682
36376 655326
36384 655648
36392 655460
36400 656202
36408 664264
36416 655978
36424 657674
36432 658458
36440 657904
36448 658436
36456 658442
36464 659252
36472 657686
36480 657684
36488 659914
36496 660252
36504 659476
36512 659280
36520 659542
36528 660286
36536 660226
36544 660272
36552 661282
36560 661708
36568 661230
36576 661804
36584 661456
36592 661340
36600 661090
36608 661464
36616 663772
36624 664148
36632 663392
36640 663132
36648 663712
36656 663482
36664 663704
36672 663800
36680 671176
36688 665904
36696 664950
36704 665584
36712 666068
36720 665852
36728 665264
36736 665280
36744 668374
36752 667478
36760 667574
36768 667144
36776 667458
36784 667076
36792 667038
36800 667680
36808 669602
36816 670608
36824 667902
36832 670650
36840 669916
36848 670768
36856 669876
36864 669778
36872 672850
36880 672878
36888 672186
36896 672434
36904 672026
36912 672210
36920 671804
36928 672690
36936 673638
36944 674158
36952 687008
36960 675678
36968 675702
36976 676080
36984 675760
36992 676242
37000 678138
37008 678202
37016 677982
37024 677962
37032 678142
37040 677828
37048 678246
37056 678242
37064 679270
37072 680058
37080 679486
37088 679260
37096 679834
37104 680300
37112 679596
37120 679442
37128 681440
37136 679646
37144 681672
37152 681960
37160 681442
37168 681606
37176 681250
37184 680702
37192 682276
37200 683366
37208 682052
37216 687874
37224 681782
37232 681694
37240 681826
37248 681992
37256 683422
37264 683822
37272 683670
37280 683738
37288 683438
37296 683320
37304 683320
37312 683510
37320 684822
37328 685446
37336 685158
37344 686062
37352 685070
37360 685900
37368 685242
37376 685284
37384 687058
37392 686794
37400 686758
37408 687030
37416 687058
37424 687158
37432 686768
37440 687132
37448 688228
37456 688630
37464 688916
37472 688926
37480 738870
37488 691856
37496 691852
37504 691910
37512 692970
37520 693870
37528 693220
37536 693456
37544 692798
37552 693508
37560 693106
37568 693052
37576 695112
37584 695294
37592 694990
37600 695848
37608 694858
37616 696068
37624 694836
37632 695242
37640 697102
37648 696956
37656 697050
37664 696706
37672 696956
37680 697550
37688 696854
37696 696666
37704 698516
37712 698496
37720 698768
37728 698598
37736 698926
37744 703510
37752 698690
37760 698852
37768 700578
37776 700428
37784 699142
37792 699186
37800 700700
37808 700800
37816 700628
37824 700578
37832 702354
37840 702118
37848 702328
37856 702674
37864 702754
37872 702552
37880 702628
37888 703830
37896 704030
37904 704172
37912 703806
37920 704056
37928 704048
37936 703968
37944 703790
37952 704392
37960 705830
37968 705904
37976 706374
37984 704988
37992 705272
38000 710136
38008 705376
38016 705846
38024 706070
38032 705530
38040 705900
38048 706356
38056 705766
38064 706798
38072 706140
38080 709152
38088 706032
38096 706516
38104 706288
38112 706794
38120 706696
38128 706454
38136 706894
38144 707532
38152 708628
38160 708324
38168 707648
38176 708228
38184 707802
38192 708100
38200 707358
38208 707632
38216 708606
38224 708528
38232 708380
38240 707626
38248 708492
38256 714080
38264 707264
38272 707420
38280 709186
38288 708958
38296 708998
38304 841432
38312 940934
38320 1160550
38328 738002
38336 738524
38344 739550
38352 739228
38360 740582
38368 737126
38376 735976
38384 740246
38392 735826
38400 736286
38408 736644
38416 737708
38424 736946
38432 737068
38440 737622
38448 740760
38456 737304
38464 736654
38472 739062
38480 738562
38488 738842
38496 781004
38504 716682
38512 719566
38520 784730
38528 891718
38536 904284
38544 953630
38552 715450
38560 714800
38568 718254
38576 717900
38584 722156
38592 717428
38600 834520
38608 720874
38616 721270
38624 720898
38632 720546
38640 724620
38648 724206
38656 721208
38664 722536
38672 723198
38680 722948
38688 722892
38696 722970
38704 723268
38712 722328
38720 722582
38728 724840
38736 818352
38744 756518
38752 723800
38760 723740
38768 722894
38776 723344
38784 723872
38792 724818
38800 768604
38808 726778
38816 726430
38824 726404
38832 729866
38840 730164
38848 727546
38856 726730
38864 727014
38872 728360
38880 727208
38888 729512
38896 727444
38904 729198
38912 729338
38920 728822
38928 726046
38936 726902
38944 726444
38952 728186
38960 729130
38968 726484
38976 726508
38984 825424
38992 729784
39000 729026
39008 730248
39016 732132
39024 729320
39032 728826
39040 729362
39048 731138
39056 731668
39064 730506
39072 730824
39080 730886
39088 731730
39096 730558
39104 729386
39112 732658
39120 734102
39128 736644
39136 736668
39144 737066
39152 738414
39160 736472
39168 737300
39176 737978
39184 738390
39192 736778
39200 847538
39208 737556
39216 738566
39224 737234
39232 853046
39240 737172
39248 737456
39256 737312
39264 738716
39272 737296
39280 737620
39288 737124
39296 739040
39304 738878
39312 739442
39320 738630
39328 739788
39336 738044
39344 739854
39352 739122
39360 740282
39368 741582
39376 742296
39384 740740
39392 741398
39400 740148
39408 740958
39416 741030
39424 743618
39432 741046
39440 742196
39448 741500
39456 741930
39464 741440
39472 740872
39480 826814
39488 741992
39496 742994
39504 743514
39512 742600
39520 744186
39528 742426
39536 742806
39544 744506
39552 743478
39560 744266
39568 744324
39576 744270
39584 744714
39592 744794
39600 745414
39608 744110
39616 744558
39624 746146
39632 747216
39640 746934
39648 747052
39656 747548
39664 747728
39672 746756
39680 746646
39688 748202
39696 747216
39704 746498
39712 748198
39720 759172
39728 749014
39736 748318
39744 748786
39752 750500
39760 752478
39768 750158
39776 750594
39784 750140
39792 750220
39800 750648
39808 750670
39816 753032
39824 752292
39832 751864
39840 752032
39848 752138
39856 752786
39864 751872
39872 752662
39880 753234
39888 755030
39896 753486
39904 754588
39912 753786
39920 755272
39928 754520
39936 754996
39944 755310
39952 755810
39960 760718
39968 756490
39976 757404
39984 757476
39992 756528
